(title "Mass fraction of h2o")
(labels "Position" "Mass fraction of h2o")

((xy/key/label "radial1")
0.1225	2.12994e-06
0.116357	1.04951e-05
0.110529	0.000211748
0.105	0.0325839
0.100134	0.146175
0.0955213	0.234385
0.0910459	0.240296
0.0870624	0.238464
0.0838325	0.2351
0.0812173	0.228814
0.0790543	0.21856
0.0772362	0.203209
0.0757083	0.182006
0.0744563	0.155502
0.0735	0.126302
0.0720703	0.0669247
0.0715106	0.0459659
0.0702194	0.0327237
0.0690927	0.0652546
0.0679395	0.106121
0.0665	0.139789
0.0656194	0.154289
0.0645328	0.171342
0.063245	0.190009
0.0617363	0.206735
0.0598516	0.218195
0.0598454	0.218214
0.0585559	0.222385
0.0574323	0.224355
0.0562532	0.225713
0.0549676	0.226772
0.0535792	0.227711
0.0520485	0.228814
0.0503005	0.230279
0.0480576	0.232781
0.046048	0.236176
0.0443259	0.240289
0.0426491	0.24081
0.041125	0.183111
0.0398023	0.0753771
0.0380644	0.0110163
0.0377403	0.00473351
0.0350023	0.000206344
0.0322639	0.00569094
0.0319385	0.0127345
0.0302018	0.100858
0.028875	0.199114
0.0271234	0.242106
0.0254123	0.238286
0.0240602	0.235602
0.0231	0.233976
0.0209392	0.232198
0.0203912	0.232
0.0180482	0.232264
0.0176999	0.232408
0.0152139	0.234077
0.0150313	0.23423
0.0124237	0.236609
0.0123554	0.236666
0.00966072	0.238564
0.00964911	0.238571
0.00692181	0.239934
0.00690237	0.239943
0.00418173	0.240951
0.00414132	0.240964
0.00143422	0.241673
0.00137489	0.241686
-2.81008e-11	0.241932
)

((xy/key/label "radial2")
0.1225	3.23628e-07
0.116357	1.74592e-05
0.110529	0.000193181
0.105	0.00852445
0.100134	0.069612
0.0955213	0.159415
0.0910459	0.212959
0.0870624	0.227541
0.0838325	0.22088
0.0812173	0.204785
0.0790543	0.185286
0.0772362	0.165029
0.0757083	0.146446
0.0744563	0.131303
0.0735	0.121391
0.0720703	0.11599
0.0715106	0.117779
0.0702194	0.125634
0.0690927	0.137456
0.0679395	0.150618
0.0665	0.167301
0.0656194	0.177091
0.0645327	0.188322
0.063245	0.200241
0.0617363	0.211139
0.0598516	0.220355
0.0598454	0.220377
0.0585559	0.224776
0.0574323	0.227151
0.0562532	0.2289
0.0549676	0.230593
0.0535792	0.232416
0.0520485	0.234282
0.0503005	0.236367
0.0480576	0.239228
0.046048	0.241093
0.0443259	0.238401
0.0426491	0.222651
0.041125	0.181282
0.0398023	0.106959
0.0380644	0.0246898
0.0377403	0.0153453
0.0350023	0.00115732
0.0322639	0.0163335
0.0319385	0.0258536
0.0302018	0.122955
0.028875	0.200706
0.0271234	0.238266
0.0254123	0.243755
0.0240602	0.243149
0.0231	0.242597
0.0209392	0.240919
0.0203912	0.240681
0.0180482	0.24052
0.0176999	0.240589
0.0152139	0.241474
0.0150313	0.241554
0.0124237	0.242757
0.0123554	0.242787
0.00966072	0.243905
0.0096491	0.243909
0.00692181	0.244856
0.00690237	0.244862
0.00418173	0.24561
0.00414132	0.24562
0.00143422	0.246178
0.00137489	0.246189
-5.47162e-11	0.246389
)

((xy/key/label "radial3")
0.1225	0
0.116357	0
0.110529	0
0.105	0.00268364
0.100134	0.0231863
0.0955213	0.0691277
0.0910459	0.131133
0.0870624	0.186125
0.0838325	0.215676
0.0812173	0.225812
0.0790543	0.228383
0.0772362	0.22887
0.0757083	0.228671
0.0744563	0.228321
0.0735	0.227945
0.0720703	0.227518
0.0715106	0.227421
0.0702194	0.227299
0.0690927	0.227378
0.0679395	0.227621
0.0665	0.228131
0.0656194	0.228538
0.0645327	0.229125
0.063245	0.229925
0.0617363	0.23086
0.0598516	0.23185
0.0598454	0.231853
0.0585559	0.232273
0.0574323	0.232384
0.0562531	0.232337
0.0549676	0.231844
0.0535792	0.230187
0.0520485	0.226943
0.0503005	0.221573
0.0480576	0.211815
0.046048	0.19937
0.0443259	0.185214
0.0426491	0.168232
0.041125	0.149682
0.0398023	0.130555
0.0380645	0.100566
0.0377403	0.0949684
0.0350023	0.0520757
0.0322639	0.0534005
0.0319385	0.0560334
0.0302018	0.0781451
0.028875	0.0997757
0.0271234	0.128709
0.0254123	0.153782
0.0240602	0.169725
0.0231	0.180352
0.0209392	0.199793
0.0203912	0.204041
0.0180481	0.218808
0.0176999	0.220568
0.0152139	0.230306
0.0150313	0.230863
0.0124237	0.237466
0.0123554	0.237611
0.00966071	0.24216
0.0096491	0.242173
0.00692181	0.244451
0.00690236	0.244463
0.00418173	0.24561
0.00414132	0.245622
0.00143423	0.246144
0.00137489	0.246151
7.51322e-11	0.246166
)

((xy/key/label "radial4")
0.1225	0
0.116357	0
0.110529	0
0.105	0.00584151
0.100134	0.0220311
0.0955213	0.0512392
0.0910459	0.0918792
0.0870624	0.131899
0.0838325	0.162914
0.0812173	0.185112
0.0790543	0.200664
0.0772362	0.211602
0.0757083	0.219476
0.0744563	0.225032
0.0735	0.228609
0.0720703	0.233049
0.0715106	0.234495
0.0702194	0.23729
0.0690927	0.239077
0.0679395	0.2405
0.0665	0.241882
0.0656194	0.242537
0.0645327	0.243155
0.063245	0.243635
0.0617363	0.243944
0.0598516	0.244046
0.0598454	0.244046
0.0585559	0.24396
0.0574323	0.243742
0.0562531	0.243355
0.0549676	0.242757
0.0535792	0.241926
0.0520485	0.240788
0.0503005	0.239221
0.0480576	0.236367
0.046048	0.233047
0.0443259	0.229959
0.0426491	0.226463
0.041125	0.222946
0.0398023	0.220155
0.0380645	0.216849
0.0377403	0.21626
0.0350023	0.212004
0.0322639	0.209878
0.0319384	0.209762
0.0302017	0.209526
0.028875	0.210008
0.0271234	0.211259
0.0254123	0.213123
0.0240602	0.215775
0.0231	0.218124
0.0209392	0.224838
0.0203912	0.22652
0.0180481	0.233106
0.0176998	0.233991
0.0152139	0.239608
0.0150313	0.239971
0.0124237	0.244452
0.0123554	0.24455
0.0096607	0.247766
0.00964909	0.247777
0.0069218	0.249418
0.00690235	0.249424
0.00418173	0.249634
0.00414132	0.249634
0.00143423	0.249625
0.00137489	0.249624
3.37461e-11	0.249601
)

((xy/key/label "radial5")
0.1225	0
0.116357	0
0.110529	0
0.105	0.00639513
0.100134	0.0241842
0.0955213	0.0493085
0.091046	0.0780996
0.0870624	0.107543
0.0838325	0.132395
0.0812173	0.151868
0.0790543	0.167366
0.0772362	0.179571
0.0757083	0.189002
0.0744563	0.196092
0.0735	0.201054
0.0720703	0.207636
0.0715106	0.209969
0.0702194	0.215024
0.0690927	0.218852
0.0679395	0.222826
0.0665	0.228461
0.0656194	0.231748
0.0645327	0.235171
0.063245	0.238495
0.0617363	0.241631
0.0598516	0.244669
0.0598454	0.244678
0.0585559	0.246286
0.0574323	0.247356
0.0562531	0.248244
0.0549676	0.249031
0.0535792	0.249687
0.0520485	0.250035
0.0503005	0.250094
0.0480576	0.25015
0.046048	0.250248
0.0443259	0.250371
0.0426492	0.250516
0.041125	0.250661
0.0398023	0.250753
0.0380646	0.250755
0.0377403	0.250752
0.0350023	0.250699
0.0322639	0.250645
0.0319383	0.250638
0.0302017	0.250604
0.028875	0.25058
0.0271234	0.250477
0.0254123	0.250329
0.0240602	0.250215
0.0230999	0.250137
0.0209391	0.24997
0.0203912	0.24993
0.0180481	0.249772
0.0176998	0.249751
0.0152139	0.24961
0.0150312	0.2496
0.0124237	0.249455
0.0123554	0.24945
0.00966069	0.249237
0.00964909	0.249236
0.0069218	0.249069
0.00690234	0.249068
0.00418173	0.248977
0.00414131	0.248976
0.00143423	0.248961
0.00137489	0.248962
5.95845e-11	0.24899
)
