(title "Turbulent Intensity")
(labels "Position" "Turbulent Intensity")

((xy/key/label "radial1")
0.1225	1.12682
0.116357	0.808785
0.110529	0.746728
0.105	1.25642
0.100134	1.6941
0.0955213	1.90378
0.0910459	2.01803
0.0870624	2.28795
0.0838325	2.6976
0.0812173	3.35871
0.0790543	4.36949
0.0772362	5.67355
0.0757083	6.94361
0.0744563	7.68327
0.0735	7.51119
0.0720703	5.85633
0.0715106	5.44956
0.0702194	5.61853
0.0690927	7.28028
0.0679395	8.33085
0.0665	8.07802
0.0656194	7.366
0.0645328	6.35187
0.063245	5.33085
0.0617363	4.51883
0.0598516	3.94334
0.0598454	3.942
0.0585559	3.70282
0.0574323	3.56835
0.0562532	3.47027
0.0549676	3.4015
0.0535792	3.35494
0.0520485	3.31771
0.0503005	3.27482
0.0480576	3.218
0.046048	3.17159
0.0443259	3.32372
0.0426491	3.48967
0.041125	2.77767
0.0398023	1.46313
0.0380644	0.889201
0.0377403	0.83152
0.0350023	0.781929
0.0322639	0.830181
0.0319385	0.892718
0.0302018	1.5596
0.028875	2.89038
0.0271234	3.53179
0.0254123	3.21372
0.0240602	3.02292
0.0231	2.91059
0.0209392	2.79107
0.0203912	2.76336
0.0180482	2.67536
0.0176999	2.65841
0.0152139	2.55334
0.0150313	2.54586
0.0124237	2.46456
0.0123554	2.46279
0.00966072	2.41128
0.00964911	2.41109
0.00692181	2.37578
0.00690237	2.37556
0.00418173	2.34988
0.00414132	2.34957
0.00143422	2.33443
0.00137489	2.33423
-2.81008e-11	2.33316
)

((xy/key/label "radial2")
0.1225	1.10921
0.116357	0.806155
0.110529	0.678122
0.105	1.18407
0.100134	1.76478
0.0955213	2.09506
0.0910459	2.35519
0.0870624	2.92966
0.0838325	3.72426
0.0812173	4.58402
0.0790543	5.34435
0.0772362	5.88973
0.0757083	6.20621
0.0744563	6.36684
0.0735	6.4565
0.0720703	6.5925
0.0715106	6.64031
0.0702194	6.60638
0.0690927	6.40067
0.0679395	6.0388
0.0665	5.46754
0.0656194	5.0962
0.0645327	4.66978
0.063245	4.26107
0.0617363	3.94524
0.0598516	3.75504
0.0598454	3.75463
0.0585559	3.71054
0.0574323	3.72522
0.0562532	3.76966
0.0549676	3.83866
0.0535792	3.92358
0.0520485	4.01458
0.0503005	4.09587
0.0480576	4.11532
0.046048	3.98096
0.0443259	3.80321
0.0426491	3.56036
0.041125	2.89954
0.0398023	1.77831
0.0380644	0.879788
0.0377403	0.780153
0.0350023	0.622773
0.0322639	0.740758
0.0319385	0.82861
0.0302018	1.74607
0.028875	2.73463
0.0271234	3.34502
0.0254123	3.58034
0.0240602	3.74709
0.0231	3.84779
0.0209392	3.98275
0.0203912	3.98832
0.0180482	3.94353
0.0176999	3.92459
0.0152139	3.76508
0.0150313	3.75089
0.0124237	3.55032
0.0123554	3.54493
0.00966072	3.34399
0.0096491	3.34317
0.00692181	3.16608
0.00690237	3.16495
0.00418173	3.03149
0.00414132	3.02992
0.00143422	2.95676
0.00137489	2.95588
-5.47162e-11	2.95459
)

((xy/key/label "radial3")
0.1225	1.01408
0.116357	0.792666
0.110529	0.606222
0.105	0.847464
0.100134	1.23831
0.0955213	1.6404
0.0910459	2.04767
0.0870624	2.3777
0.0838325	2.56033
0.0812173	2.63061
0.0790543	2.65947
0.0772362	2.68855
0.0757083	2.73051
0.0744563	2.78374
0.0735	2.83898
0.0720703	2.94984
0.0715106	3.00118
0.0702194	3.14028
0.0690927	3.28602
0.0679395	3.45571
0.0665	3.6914
0.0656194	3.84584
0.0645327	4.04274
0.063245	4.28249
0.0617363	4.56397
0.0598516	4.9083
0.0598454	4.90944
0.0585559	5.13336
0.0574323	5.31514
0.0562531	5.49378
0.0549676	5.66788
0.0535792	5.82594
0.0520485	5.95577
0.0503005	6.03427
0.0480576	5.9913
0.046048	5.81561
0.0443259	5.53291
0.0426491	5.13954
0.041125	4.6964
0.0398023	4.25134
0.0380645	3.6257
0.0377403	3.51493
0.0350023	2.63227
0.0322639	2.76
0.0319385	2.83151
0.0302018	3.39239
0.028875	3.84785
0.0271234	4.34206
0.0254123	4.7137
0.0240602	4.90889
0.0231	5.02187
0.0209392	5.14287
0.0203912	5.15044
0.0180481	5.09918
0.0176999	5.08137
0.0152139	4.9018
0.0150313	4.88581
0.0124237	4.63686
0.0123554	4.63019
0.00966071	4.37312
0.0096491	4.3721
0.00692181	4.15668
0.00690236	4.15541
0.00418173	4.0083
0.00414132	4.0067
0.00143423	3.93349
0.00137489	3.93269
7.51322e-11	3.93193
)

((xy/key/label "radial4")
0.1225	0.918558
0.116357	0.754829
0.110529	0.587968
0.105	0.716899
0.100134	1.00961
0.0955213	1.37099
0.0910459	1.73776
0.0870624	1.99613
0.0838325	2.13218
0.0812173	2.21971
0.0790543	2.3046
0.0772362	2.39558
0.0757083	2.48927
0.0744563	2.5775
0.0735	2.65062
0.0720703	2.7699
0.0715106	2.81908
0.0702194	2.93834
0.0690927	3.04805
0.0679395	3.16418
0.0665	3.3134
0.0656194	3.40573
0.0645327	3.51949
0.063245	3.65394
0.0617363	3.80833
0.0598516	3.99477
0.0598454	3.99538
0.0585559	4.11636
0.0574323	4.21531
0.0562531	4.31453
0.0549676	4.41509
0.0535792	4.51341
0.0520485	4.60778
0.0503005	4.69548
0.0480576	4.77416
0.046048	4.81643
0.0443259	4.82688
0.0426491	4.81689
0.041125	4.79201
0.0398023	4.75923
0.0380645	4.70274
0.0377403	4.69136
0.0350023	4.58421
0.0322639	4.47709
0.0319384	4.46523
0.0302017	4.40528
0.028875	4.36654
0.0271234	4.32279
0.0254123	4.28465
0.0240602	4.25545
0.0231	4.23449
0.0209392	4.18476
0.0203912	4.17113
0.0180481	4.10791
0.0176998	4.09782
0.0152139	4.02212
0.0150313	4.01642
0.0124237	3.93506
0.0123554	3.933
0.0096607	3.85619
0.00964909	3.85589
0.0069218	3.79342
0.00690235	3.79305
0.00418173	3.75058
0.00414132	3.75012
0.00143423	3.72912
0.00137489	3.72889
3.37461e-11	3.72899
)

((xy/key/label "radial5")
0.1225	0.850373
0.116357	0.718486
0.110529	0.577453
0.105	0.695391
0.100134	0.986445
0.0955213	1.3144
0.091046	1.57036
0.0870624	1.7149
0.0838325	1.80457
0.0812173	1.87888
0.0790543	1.94655
0.0772362	2.0091
0.0757083	2.06575
0.0744563	2.11479
0.0735	2.15361
0.0720703	2.21364
0.0715106	2.2376
0.0702194	2.29406
0.0690927	2.34416
0.0679395	2.39587
0.0665	2.46073
0.0656194	2.50028
0.0645327	2.54876
0.063245	2.6058
0.0617363	2.6712
0.0598516	2.74919
0.0598454	2.74944
0.0585559	2.80029
0.0574323	2.84321
0.0562531	2.88677
0.0549676	2.93167
0.0535792	2.97692
0.0520485	3.0227
0.0503005	3.06922
0.0480576	3.11976
0.046048	3.15729
0.0443259	3.18225
0.0426492	3.20116
0.041125	3.21361
0.0398023	3.22079
0.0380646	3.22503
0.0377403	3.22539
0.0350023	3.22164
0.0322639	3.20767
0.0319383	3.20544
0.0302017	3.19198
0.028875	3.17995
0.0271234	3.16255
0.0254123	3.14411
0.0240602	3.12866
0.0230999	3.11767
0.0209391	3.09271
0.0203912	3.08647
0.0180481	3.06032
0.0176998	3.05657
0.0152139	3.03104
0.0150312	3.02928
0.0124237	3.00577
0.0123554	3.0052
0.00966069	2.985
0.00964909	2.98493
0.0069218	2.96918
0.00690234	2.96908
0.00418173	2.95845
0.00414131	2.95833
0.00143423	2.95301
0.00137489	2.95295
5.95845e-11	2.95296
)
