(title "Mass fraction of h2")
(labels "Position" "Mass fraction of h2")

((xy/key/label "radial1")
0.1225	0
0.116357	1.26256e-06
0.110529	2.90086e-05
0.105	0.00140209
0.100134	0.0169046
0.0955213	0.0417346
0.0910459	0.0557213
0.0870624	0.0615379
0.0838325	0.0714008
0.0812173	0.0934261
0.0790543	0.13284
0.0772362	0.194794
0.0757083	0.27977
0.0744563	0.385126
0.0735	0.50177
0.0720703	0.736776
0.0715106	0.819398
0.0702194	0.869477
0.0690927	0.73772
0.0679395	0.573967
0.0665	0.444632
0.0656194	0.391457
0.0645328	0.326789
0.063245	0.254244
0.0617363	0.188743
0.0598516	0.143875
0.0598454	0.143801
0.0585559	0.127442
0.0574323	0.119728
0.0562532	0.114407
0.0549676	0.110255
0.0535792	0.10657
0.0520485	0.102237
0.0503005	0.0964745
0.0480576	0.0865845
0.046048	0.0729298
0.0443259	0.0533969
0.0426491	0.0311043
0.041125	0.0113613
0.0398023	3.02009e-05
0.0380644	1.50618e-06
0.0377403	5.15866e-20
0.0350023	0
0.0322639	6.44677e-19
0.0319385	1.01185e-05
0.0302018	0.00021715
0.028875	0.0181559
0.0271234	0.0451726
0.0254123	0.0645441
0.0240602	0.0753869
0.0231	0.081963
0.0209392	0.0889586
0.0203912	0.089739
0.0180482	0.0887047
0.0176999	0.0881383
0.0152139	0.0815869
0.0150313	0.0809885
0.0124237	0.0716392
0.0123554	0.0714176
0.00966072	0.0639426
0.00964911	0.0639163
0.00692181	0.0585251
0.00690237	0.0584917
0.00418173	0.054488
0.00414132	0.0544378
0.00143422	0.0516178
0.00137489	0.0515655
-2.81008e-11	0.0505811
)

((xy/key/label "radial2")
0.1225	0
0.116357	1.72462e-06
0.110529	2.37272e-05
0.105	0.000681102
0.100134	0.00600932
0.0955213	0.0194067
0.0910459	0.041253
0.0870624	0.0750826
0.0838325	0.126667
0.0812173	0.195448
0.0790543	0.272868
0.0772362	0.35247
0.0757083	0.425408
0.0744563	0.484825
0.0735	0.523721
0.0720703	0.544909
0.0715106	0.537882
0.0702194	0.507034
0.0690927	0.460601
0.0679395	0.408919
0.0665	0.343315
0.0656194	0.304831
0.0645327	0.260608
0.063245	0.213712
0.0617363	0.170655
0.0598516	0.13446
0.0598454	0.134374
0.0585559	0.117127
0.0574323	0.108111
0.0562532	0.10142
0.0549676	0.0945939
0.0535792	0.0873043
0.0520485	0.080074
0.0503005	0.0718305
0.0480576	0.0586581
0.046048	0.0438163
0.0443259	0.0290063
0.0426491	0.0150276
0.041125	0.00485522
0.0398023	0.000186541
0.0380644	8.19822e-06
0.0377403	3.67535e-13
0.0350023	0
0.0322639	8.97399e-13
0.0319385	4.84488e-05
0.0302018	0.000984092
0.028875	0.00707955
0.0271234	0.0188848
0.0254123	0.0312431
0.0240602	0.0404125
0.0231	0.0461081
0.0209392	0.0543307
0.0203912	0.055393
0.0180482	0.0561654
0.0176999	0.0559003
0.0152139	0.0524167
0.0150313	0.0521019
0.0124237	0.0473138
0.0123554	0.0471939
0.00966072	0.0427114
0.0096491	0.0426937
0.00692181	0.0388395
0.00690237	0.0388144
0.00418173	0.0357073
0.00414132	0.0356664
0.00143422	0.033305
0.00137489	0.0332602
-5.47162e-11	0.0323927
)

((xy/key/label "radial3")
0.1225	0
0.116357	0
0.110529	0
0.105	0.000160308
0.100134	0.00138141
0.0955213	0.00572102
0.0910459	0.0162145
0.0870624	0.0337557
0.0838325	0.0529682
0.0812173	0.0694684
0.0790543	0.0820869
0.0772362	0.0908373
0.0757083	0.0965931
0.0744563	0.100469
0.0735	0.102881
0.0720703	0.105285
0.0715106	0.105847
0.0702194	0.106609
0.0690927	0.10639
0.0679395	0.105416
0.0665	0.1032
0.0656194	0.101367
0.0645327	0.0986631
0.063245	0.0948691
0.0617363	0.0894357
0.0598516	0.0813635
0.0598454	0.0813354
0.0585559	0.0753886
0.0574323	0.0701112
0.0562531	0.064737
0.0549676	0.0589605
0.0535792	0.0525749
0.0520485	0.0455921
0.0503005	0.0380716
0.0480576	0.0292572
0.046048	0.0220683
0.0443259	0.0166333
0.0426491	0.0119998
0.041125	0.00835423
0.0398023	0.00560269
0.0380645	0.00290651
0.0377403	0.0025011
0.0350023	0.000455353
0.0322639	0.000105939
0.0319385	0.00011721
0.0302018	0.000415373
0.028875	0.00100172
0.0271234	0.0020515
0.0254123	0.00329185
0.0240602	0.00434176
0.0231	0.0051059
0.0209392	0.00678471
0.0203912	0.00719625
0.0180481	0.0088568
0.0176999	0.0090909
0.0152139	0.0106175
0.0150313	0.0107176
0.0124237	0.0119411
0.0123554	0.0119675
0.00966071	0.0128034
0.0096491	0.0128061
0.00692181	0.0132526
0.00690236	0.0132543
0.00418173	0.0133663
0.00414132	0.0133657
0.00143423	0.0132339
0.00137489	0.0132288
7.51322e-11	0.013072
)

((xy/key/label "radial4")
0.1225	0
0.116357	0
0.110529	0
0.105	0
0.100134	0.000353325
0.0955213	0.00118621
0.0910459	0.0025114
0.0870624	0.00440303
0.0838325	0.00638832
0.0812173	0.00828933
0.0790543	0.0101249
0.0772362	0.0118464
0.0757083	0.0133917
0.0744563	0.0147005
0.0735	0.01571
0.0720703	0.0171573
0.0715106	0.0176946
0.0702194	0.0189185
0.0690927	0.0198823
0.0679395	0.0207619
0.0665	0.0217023
0.0656194	0.02219
0.0645327	0.0226862
0.063245	0.0231076
0.0617363	0.0233856
0.0598516	0.0234259
0.0598454	0.0234257
0.0585559	0.0232762
0.0574323	0.0229807
0.0562531	0.0225518
0.0549676	0.0219629
0.0535792	0.0212083
0.0520485	0.0202567
0.0503005	0.0190495
0.0480576	0.017363
0.046048	0.0157911
0.0443259	0.0144398
0.0426491	0.0131594
0.041125	0.0120203
0.0398023	0.0110469
0.0380645	0.00989218
0.0377403	0.00968752
0.0350023	0.00812762
0.0322639	0.00691423
0.0319384	0.00679546
0.0302017	0.00624039
0.028875	0.00594751
0.0271234	0.0056919
0.0254123	0.00554233
0.0240602	0.00541487
0.0231	0.00531102
0.0209392	0.00504234
0.0203912	0.00499074
0.0180481	0.00484463
0.0176998	0.00483422
0.0152139	0.00480384
0.0150313	0.00480479
0.0124237	0.00483348
0.0123554	0.0048347
0.0096607	0.00487785
0.00964909	0.00487805
0.0069218	0.00493066
0.00690235	0.00493094
0.00418173	0.00498117
0.00414132	0.00498127
0.00143423	0.00495931
0.00137489	0.00495787
3.37461e-11	0.00490804
)

((xy/key/label "radial5")
0.1225	0
0.116357	0
0.110529	0
0.105	0
0.100134	5.09254e-05
0.0955213	0.000280365
0.091046	0.000719775
0.0870624	0.0012865
0.0838325	0.00192132
0.0812173	0.00256028
0.0790543	0.00314483
0.0772362	0.00368546
0.0757083	0.0041843
0.0744563	0.00462132
0.0735	0.00496981
0.0720703	0.005494
0.0715106	0.00569619
0.0702194	0.00617275
0.0690927	0.00658362
0.0679395	0.00695816
0.0665	0.00733609
0.0656194	0.00756255
0.0645327	0.00786332
0.063245	0.00822818
0.0617363	0.00864802
0.0598516	0.00912929
0.0598454	0.00913087
0.0585559	0.00942448
0.0574323	0.00963352
0.0562531	0.00981242
0.0549676	0.00996658
0.0535792	0.0100878
0.0520485	0.0101768
0.0503005	0.0102238
0.0480576	0.0101884
0.046048	0.0100859
0.0443259	0.00994054
0.0426492	0.00975867
0.041125	0.00955495
0.0398023	0.00934268
0.0380646	0.00901676
0.0377403	0.00895357
0.0350023	0.00838594
0.0322639	0.00778766
0.0319383	0.00771646
0.0302017	0.00733822
0.028875	0.00706232
0.0271234	0.00670194
0.0254123	0.00636379
0.0240602	0.00610989
0.0230999	0.00593582
0.0209391	0.00556249
0.0203912	0.00547362
0.0180481	0.00511811
0.0176998	0.00506941
0.0152139	0.00474961
0.0150312	0.00472833
0.0124237	0.00445626
0.0123554	0.00445001
0.00966069	0.00423985
0.00964909	0.00423909
0.0069218	0.00409392
0.00690234	0.00409311
0.00418173	0.00401388
0.00414131	0.00401321
0.00143423	0.00399985
0.00137489	0.00400025
5.95845e-11	0.00402509
)
