(title "Static Temperature")
(labels "Position" "Static Temperature")

((xy/key/label "radial1")
0.1225	1252.18
0.116357	357.562
0.110529	359.805
0.105	1000.05
0.100134	1717.73
0.0955213	1810.78
0.0910459	1695.67
0.0870624	1599.08
0.0838325	1461.06
0.0812173	1296.12
0.0790543	1117.76
0.0772362	939.283
0.0757083	777.851
0.0744563	645.372
0.0735	549.671
0.0720703	418.858
0.0715106	379.511
0.0702194	353.963
0.0690927	421.079
0.0679395	547.957
0.0665	730.274
0.0656194	865.469
0.0645328	1069.02
0.063245	1309.86
0.0617363	1501.96
0.0598516	1604.22
0.0598454	1604.37
0.0585559	1631.13
0.0574323	1644.2
0.0562532	1655.79
0.0549676	1668.14
0.0535792	1681.86
0.0520485	1699.15
0.0503005	1727.16
0.0480576	1797.17
0.046048	1910.72
0.0443259	1990.68
0.0426491	1840.09
0.041125	1296.61
0.0398023	666.146
0.0380644	368.721
0.0377403	335.347
0.0350023	302.676
0.0322639	348.608
0.0319385	392.513
0.0302018	919.258
0.028875	1552.31
0.0271234	1882.81
0.0254123	1876.19
0.0240602	1843.39
0.0231	1819.12
0.0209392	1771.55
0.0203912	1764.12
0.0180482	1758.12
0.0176999	1760.87
0.0152139	1801.27
0.0150313	1805.22
0.0124237	1867.96
0.0123554	1869.6
0.00966072	1928.25
0.00964911	1928.47
0.00692181	1970.52
0.00690237	1970.76
0.00418173	1996.91
0.00414132	1997.19
0.00143422	2009.98
0.00137489	2010.13
-2.81008e-11	2010.83
)

((xy/key/label "radial2")
0.1225	1256.35
0.116357	380.692
0.110529	369.613
0.105	706.1
0.100134	1460.96
0.0955213	1931.99
0.0910459	1795.12
0.0870624	1479
0.0838325	1158.55
0.0812173	926.708
0.0790543	774.814
0.0772362	669.599
0.0757083	596.171
0.0744563	549.957
0.0735	527.385
0.0720703	525.099
0.0715106	536.041
0.0702194	577.386
0.0690927	636.729
0.0679395	715.678
0.0665	834.237
0.0656194	917.242
0.0645327	1033.75
0.063245	1183.27
0.0617363	1350.78
0.0598516	1521.21
0.0598454	1521.68
0.0585559	1611.54
0.0574323	1668.93
0.0562532	1718.47
0.0549676	1767.19
0.0535792	1816.41
0.0520485	1871.96
0.0503005	1938.55
0.0480576	2018.6
0.046048	2048.43
0.0443259	1950.67
0.0426491	1659.27
0.041125	1236.63
0.0398023	796.2
0.0380644	435.481
0.0377403	391.363
0.0350023	311.603
0.0322639	414.604
0.0319385	470.104
0.0302018	1049.53
0.028875	1552.46
0.0271234	1910.96
0.0254123	2050.33
0.0240602	2071.95
0.0231	2077.73
0.0209392	2070.65
0.0203912	2070.19
0.0180482	2078.7
0.0176999	2081.53
0.0152139	2107.78
0.0150313	2109.95
0.0124237	2140.59
0.0123554	2141.34
0.00966072	2168.26
0.0096491	2168.36
0.00692181	2188.64
0.00690237	2188.76
0.00418173	2202.11
0.00414132	2202.26
0.00143422	2209.19
0.00137489	2209.28
-5.47162e-11	2209.7
)

((xy/key/label "radial3")
0.1225	1270.99
0.116357	481.159
0.110529	391.267
0.105	517.374
0.100134	838.368
0.0955213	1295.91
0.0910459	1603.16
0.0870624	1596.34
0.0838325	1462.18
0.0812173	1351.75
0.0790543	1283.39
0.0772362	1243.63
0.0757083	1222.09
0.0744563	1211.1
0.0735	1206.52
0.0720703	1205.95
0.0715106	1207.6
0.0702194	1214.42
0.0690927	1224.66
0.0679395	1239.2
0.0665	1264.03
0.0656194	1282.79
0.0645327	1309.41
0.063245	1345.33
0.0617363	1391.19
0.0598516	1453.23
0.0598454	1453.44
0.0585559	1499.9
0.0574323	1543.58
0.0562531	1589.45
0.0549676	1638.49
0.0535792	1688.56
0.0520485	1737.51
0.0503005	1778.46
0.0480576	1801.31
0.046048	1785.81
0.0443259	1733.68
0.0426491	1646.67
0.041125	1531.48
0.0398023	1395.44
0.0380645	1177.56
0.0377403	1135.58
0.0350023	820.443
0.0322639	797.445
0.0319385	813.071
0.0302018	965.927
0.028875	1127.77
0.0271234	1350.05
0.0254123	1542.87
0.0240602	1663.51
0.0231	1743.71
0.0209392	1884.95
0.0203912	1915.18
0.0180481	2022.39
0.0176999	2036
0.0152139	2116.21
0.0150313	2120.93
0.0124237	2174.3
0.0123554	2175.4
0.00966071	2212.37
0.0096491	2212.53
0.00692181	2253.79
0.00690236	2254.07
0.00418173	2284.91
0.00414132	2285.25
0.00143423	2299.81
0.00137489	2299.98
7.51322e-11	2300.26
)

((xy/key/label "radial4")
0.1225	1276.44
0.116357	548.072
0.110529	448.459
0.105	598.503
0.100134	855.48
0.0955213	1186.62
0.0910459	1545.09
0.0870624	1785
0.0838325	1901.63
0.0812173	1946.36
0.0790543	1956.92
0.0772362	1953.45
0.0757083	1944.17
0.0744563	1934.01
0.0735	1926.06
0.0720703	1915.07
0.0715106	1911.3
0.0702194	1903.38
0.0690927	1898.1
0.0679395	1894.37
0.0665	1892.08
0.0656194	1892.03
0.0645327	1893.28
0.063245	1896.59
0.0617363	1902.83
0.0598516	1913.95
0.0598454	1913.99
0.0585559	1923.29
0.0574323	1932.68
0.0562531	1943.46
0.0549676	1956.16
0.0535792	1970.66
0.0520485	1986.87
0.0503005	2005.51
0.0480576	2028.06
0.046048	2046.52
0.0443259	2059.73
0.0426491	2069.81
0.041125	2078.17
0.0398023	2083.5
0.0380645	2088.85
0.0377403	2089.78
0.0350023	2095.77
0.0322639	2104.15
0.0319384	2105.38
0.0302017	2112.85
0.028875	2120.67
0.0271234	2132.04
0.0254123	2143.82
0.0240602	2153.44
0.0231	2160.28
0.0209392	2175.1
0.0203912	2178.68
0.0180481	2194.54
0.0176998	2197.62
0.0152139	2228.66
0.0150313	2231.32
0.0124237	2268.1
0.0123554	2268.96
0.0096607	2299.43
0.00964909	2299.55
0.0069218	2322.87
0.00690235	2323.01
0.00418173	2338.81
0.00414132	2338.99
0.00143423	2347.1
0.00137489	2347.2
3.37461e-11	2347.37
)

((xy/key/label "radial5")
0.1225	1279.4
0.116357	602.289
0.110529	504.447
0.105	643.315
0.100134	879.422
0.0955213	1161.98
0.091046	1479.19
0.0870624	1733.33
0.0838325	1895.85
0.0812173	1991.05
0.0790543	2045.58
0.0772362	2077.91
0.0757083	2098.5
0.0744563	2110.14
0.0735	2116.21
0.0720703	2123.28
0.0715106	2125.43
0.0702194	2128.61
0.0690927	2129.14
0.0679395	2128.4
0.0665	2126.94
0.0656194	2125.95
0.0645327	2124.71
0.063245	2123.37
0.0617363	2122.12
0.0598516	2121.28
0.0598454	2121.28
0.0585559	2121.15
0.0574323	2121.51
0.0562531	2122.13
0.0549676	2123.02
0.0535792	2124.51
0.0520485	2127.01
0.0503005	2130.9
0.0480576	2137.48
0.046048	2144.51
0.0443259	2151.46
0.0426492	2158.87
0.041125	2166.09
0.0398023	2172.65
0.0380646	2180.77
0.0377403	2182.24
0.0350023	2194.57
0.0322639	2207.71
0.0319383	2209.33
0.0302017	2218.12
0.028875	2225.01
0.0271234	2234.65
0.0254123	2244.97
0.0240602	2253.95
0.0230999	2260.53
0.0209391	2276.4
0.0203912	2280.59
0.0180481	2299.04
0.0176998	2301.78
0.0152139	2320.6
0.0150312	2321.93
0.0124237	2340.47
0.0123554	2340.94
0.00966069	2357.46
0.00964909	2357.52
0.0069218	2366.11
0.00690234	2366.15
0.00418173	2370.48
0.00414131	2370.53
0.00143423	2372.69
0.00137489	2372.72
5.95845e-11	2372.83
)
