(title "Turbulent Kinetic Energy (k)")
(labels "Position" "Turbulent Kinetic Energy (k)")

((xy/key/label "radial1")
0.1225	0.562013
0.116357	0.367733
0.110529	0.288993
0.105	0.559912
0.100134	1.01768
0.0955213	1.37086
0.0910459	1.65695
0.0870624	2.47899
0.0838325	4.57419
0.0812173	9.71494
0.0790543	20.9924
0.0772362	42.2344
0.0757083	72.736
0.0744563	100.903
0.0735	112.362
0.0720703	84.0422
0.0715106	62.9009
0.0702194	48.216
0.0690927	89.8853
0.0679395	125.268
0.0665	114.798
0.0656194	89.8665
0.0645328	55.8397
0.063245	26.013
0.0617363	11.3708
0.0598516	6.96201
0.0598454	6.95747
0.0585559	6.37575
0.0574323	6.29203
0.0562532	6.28748
0.0549676	6.31883
0.0535792	6.37454
0.0520485	6.47898
0.0503005	6.72378
0.0480576	7.49972
0.046048	8.51228
0.0443259	8.55797
0.0426491	6.04444
0.041125	2.66014
0.0398023	0.864537
0.0380644	0.528509
0.0377403	0.492979
0.0350023	0.454175
0.0322639	0.495224
0.0319385	0.544356
0.0302018	1.18218
0.028875	3.95327
0.0271234	6.08302
0.0254123	5.78828
0.0240602	5.00539
0.0231	4.44435
0.0209392	3.40133
0.0203912	3.23437
0.0180482	2.86661
0.0176999	2.85005
0.0152139	2.87478
0.0150313	2.88387
0.0124237	3.05501
0.0123554	3.05983
0.00966072	3.22854
0.00964911	3.22916
0.00692181	3.34056
0.00690237	3.34116
0.00418173	3.40109
0.00414132	3.40175
0.00143422	3.43071
0.00137489	3.43115
-2.81008e-11	3.43566
)

((xy/key/label "radial2")
0.1225	0.572246
0.116357	0.378439
0.110529	0.231641
0.105	0.402597
0.100134	0.93062
0.0955213	1.72178
0.0910459	2.54793
0.0870624	6.06811
0.0838325	15.718
0.0812173	29.9603
0.0790543	45.1229
0.0772362	58.2873
0.0757083	66.8457
0.0744563	70.6734
0.0735	71.8453
0.0720703	75.3998
0.0715106	78.0035
0.0702194	83.3239
0.0690927	83.9211
0.0679395	78.408
0.0665	65.9331
0.0656194	56.4962
0.0645327	44.4075
0.063245	31.1639
0.0617363	19.8329
0.0598516	12.6278
0.0598454	12.6155
0.0585559	10.7432
0.0574323	10.3209
0.0562532	10.3751
0.0549676	10.7493
0.0535792	11.3455
0.0520485	12.1055
0.0503005	12.9411
0.0480576	13.4515
0.046048	12.6374
0.0443259	10.0756
0.0426491	6.01465
0.041125	2.53746
0.0398023	0.842666
0.0380644	0.41456
0.0377403	0.370607
0.0350023	0.302905
0.0322639	0.366852
0.0319385	0.424576
0.0302018	1.19751
0.028875	2.97098
0.0271234	5.46431
0.0254123	7.43767
0.0240602	8.52281
0.0231	9.04985
0.0209392	9.39633
0.0203912	9.33673
0.0180482	8.68372
0.0176999	8.56374
0.0152139	7.65985
0.0150313	7.59927
0.0124237	6.8073
0.0123554	6.78981
0.00966072	6.18565
0.0096491	6.18354
0.00692181	5.76316
0.00690237	5.76075
0.00418173	5.50124
0.00414132	5.49841
0.00143422	5.37457
0.00137489	5.37316
-5.47162e-11	5.37145
)

((xy/key/label "radial3")
0.1225	0.466353
0.116357	0.331473
0.110529	0.180535
0.105	0.284405
0.100134	0.681605
0.0955213	1.35985
0.0910459	2.37297
0.0870624	3.62127
0.0838325	4.67864
0.0812173	5.40921
0.0790543	5.89662
0.0772362	6.2262
0.0757083	6.45141
0.0744563	6.60489
0.0735	6.70622
0.0720703	6.83725
0.0715106	6.88284
0.0702194	6.99034
0.0690927	7.08677
0.0679395	7.19802
0.0665	7.36868
0.0656194	7.49938
0.0645327	7.69685
0.063245	7.99347
0.0617363	8.43841
0.0598516	9.15724
0.0598454	9.15998
0.0585559	9.74285
0.0574323	10.3076
0.0562531	10.9506
0.0549676	11.6816
0.0535792	12.4714
0.0520485	13.288
0.0503005	14.0621
0.0480576	14.6126
0.046048	14.6089
0.0443259	14.0652
0.0426491	12.9989
0.041125	11.5546
0.0398023	9.88305
0.0380645	7.35707
0.0377403	6.88138
0.0350023	3.34232
0.0322639	2.6196
0.0319385	2.73379
0.0302018	4.08231
0.028875	5.98131
0.0271234	8.53035
0.0254123	10.6799
0.0240602	11.8881
0.0231	12.6381
0.0209392	13.5728
0.0203912	13.6907
0.0180481	13.7146
0.0176999	13.6658
0.0152139	13.0376
0.0150313	12.9775
0.0124237	12.0129
0.0123554	11.9866
0.00966071	10.9704
0.0096491	10.9664
0.00692181	10.1098
0.00690236	10.1047
0.00418173	9.51414
0.00414132	9.50765
0.00143423	9.21169
0.00137489	9.20845
7.51322e-11	9.20682
)

((xy/key/label "radial4")
0.1225	0.389649
0.116357	0.27921
0.110529	0.15154
0.105	0.182905
0.100134	0.318997
0.0955213	0.530706
0.0910459	0.779767
0.0870624	1.00757
0.0838325	1.19756
0.0812173	1.37523
0.0790543	1.55805
0.0772362	1.74787
0.0757083	1.93771
0.0744563	2.11685
0.0735	2.2694
0.0720703	2.5251
0.0715106	2.63211
0.0702194	2.89785
0.0690927	3.14873
0.0679395	3.42149
0.0665	3.78191
0.0656194	4.01146
0.0645327	4.30175
0.063245	4.65483
0.0617363	5.07414
0.0598516	5.59955
0.0598454	5.60131
0.0585559	5.95367
0.0574323	6.24906
0.0562531	6.55128
0.0549676	6.86352
0.0535792	7.17486
0.0520485	7.48103
0.0503005	7.77457
0.0480576	8.05318
0.046048	8.2194
0.0443259	8.28666
0.0426491	8.29575
0.041125	8.26191
0.0398023	8.20545
0.0380645	8.10791
0.0377403	8.08826
0.0350023	7.91531
0.0322639	7.77213
0.0319384	7.75818
0.0302017	7.69458
0.028875	7.66115
0.0271234	7.62603
0.0254123	7.59227
0.0240602	7.55746
0.0231	7.53043
0.0209392	7.44658
0.0203912	7.42093
0.0180481	7.28895
0.0176998	7.26692
0.0152139	7.09632
0.0150313	7.0833
0.0124237	6.89687
0.0123554	6.89214
0.0096607	6.7165
0.00964909	6.71582
0.0069218	6.57385
0.00690235	6.57302
0.00418173	6.47708
0.00414132	6.47605
0.00143423	6.42918
0.00137489	6.4287
3.37461e-11	6.42957
)

((xy/key/label "radial5")
0.1225	0.369925
0.116357	0.269813
0.110529	0.142469
0.105	0.137886
0.100134	0.211423
0.0955213	0.331838
0.091046	0.480101
0.0870624	0.640571
0.0838325	0.801749
0.0812173	0.963373
0.0790543	1.12144
0.0772362	1.27084
0.0757083	1.40791
0.0744563	1.52779
0.0735	1.62369
0.0720703	1.77443
0.0715106	1.83477
0.0702194	1.97885
0.0690927	2.10742
0.0679395	2.24149
0.0665	2.41176
0.0656194	2.51609
0.0645327	2.64507
0.063245	2.79793
0.0617363	2.97343
0.0598516	3.18427
0.0598454	3.18496
0.0585559	3.32277
0.0574323	3.43742
0.0562531	3.55356
0.0549676	3.67285
0.0535792	3.79244
0.0520485	3.9125
0.0503005	4.03325
0.0480576	4.16193
0.046048	4.25558
0.0443259	4.31618
0.0426492	4.36081
0.041125	4.3891
0.0398023	4.40455
0.0380646	4.41299
0.0377403	4.41357
0.0350023	4.40437
0.0322639	4.37606
0.0319383	4.3718
0.0302017	4.34664
0.028875	4.32549
0.0271234	4.29636
0.0254123	4.26701
0.0240602	4.24359
0.0230999	4.22727
0.0209391	4.19184
0.0203912	4.18328
0.0180481	4.14855
0.0176998	4.14374
0.0152139	4.11173
0.0150312	4.10958
0.0124237	4.0815
0.0123554	4.08084
0.00966069	4.05768
0.00964909	4.05759
0.0069218	4.04016
0.00690234	4.04005
0.00418173	4.02867
0.00414131	4.02854
0.00143423	4.02313
0.00137489	4.02308
5.95845e-11	4.02331
)
