(title "Mass fraction of o2")
(labels "Position" "Mass fraction of o2")

((xy/key/label "radial1")
0.1225	0.232997
0.116357	0.232952
0.110529	0.23092
0.105	0.170641
0.100134	0.0583576
0.0955213	0.000574026
0.0910459	2.4115e-06
0.0870624	9.93078e-06
0.0838325	3.82939e-05
0.0812173	0.000136483
0.0790543	0.000296975
0.0772362	0.000571617
0.0757083	0.000906947
0.0744563	0.00109269
0.0735	0.0011012
0.0720703	0.000509716
0.0715106	0.000213964
0.0702194	9.52485e-05
0.0690927	0.00061925
0.0679395	0.00233258
0.0665	0.00395402
0.0656194	0.00491301
0.0645328	0.00573283
0.063245	0.00443121
0.0617363	0.00191079
0.0598516	0.000252238
0.0598454	0.000250711
0.0585559	2.65032e-05
0.0574323	8.90308e-06
0.0562532	3.11725e-06
0.0549676	1.93755e-06
0.0535792	1.94128e-06
0.0520485	2.40135e-06
0.0503005	1.02258e-05
0.0480576	0.000208869
0.046048	0.00230065
0.0443259	0.015107
0.0426491	0.0544633
0.041125	0.131428
0.0398023	0.204819
0.0380644	0.228254
0.0377403	0.230855
0.0350023	0.23285
0.0322639	0.229466
0.0319385	0.225609
0.0302018	0.174471
0.028875	0.0764781
0.0271234	0.00763708
0.0254123	0.000661085
0.0240602	0.000202941
0.0231	1.68902e-05
0.0209392	6.21851e-07
0.0203912	2.431e-07
0.0180482	7.36921e-08
0.0176999	9.37993e-08
0.0152139	8.46079e-07
0.0150313	1.05609e-06
0.0124237	7.99388e-06
0.0123554	8.29765e-06
0.00966072	2.39596e-05
0.00964911	2.40235e-05
0.00692181	3.62807e-05
0.00690237	3.64086e-05
0.00418173	6.38287e-05
0.00414132	6.42506e-05
0.00143422	8.48685e-05
0.00137489	8.5109e-05
-2.81008e-11	8.60358e-05
)

((xy/key/label "radial2")
0.1225	0.232992
0.116357	0.232859
0.110529	0.230143
0.105	0.202185
0.100134	0.115505
0.0955213	0.0323344
0.0910459	0.00693962
0.0870624	0.00213638
0.0838325	0.000377788
0.0812173	7.05423e-05
0.0790543	2.70628e-05
0.0772362	7.65396e-06
0.0757083	2.54093e-06
0.0744563	1.04781e-06
0.0735	4.41416e-07
0.0720703	1.07054e-06
0.0715106	2.3056e-06
0.0702194	1.44193e-05
0.0690927	5.64831e-05
0.0679395	0.000157956
0.0665	0.000440296
0.0656194	0.000668412
0.0645327	0.00111651
0.063245	0.00201654
0.0617363	0.00298206
0.0598516	0.00347657
0.0598454	0.0034774
0.0585559	0.00323759
0.0574323	0.00247557
0.0562532	0.0021196
0.0549676	0.00209814
0.0535792	0.00231962
0.0520485	0.00282368
0.0503005	0.00406998
0.0480576	0.00984685
0.046048	0.0240773
0.0443259	0.0516582
0.0426491	0.0956386
0.041125	0.146844
0.0398023	0.192282
0.0380644	0.222775
0.0377403	0.226475
0.0350023	0.232207
0.0322639	0.223618
0.0319385	0.21836
0.0302018	0.158932
0.028875	0.093367
0.0271234	0.0379789
0.0254123	0.0131257
0.0240602	0.00589727
0.0231	0.00258646
0.0209392	0.000502269
0.0203912	0.000343902
0.0180482	9.90155e-05
0.0176999	9.15998e-05
0.0152139	0.000113094
0.0150313	0.000117526
0.0124237	0.000204482
0.0123554	0.000207196
0.00966072	0.000316347
0.0096491	0.000316785
0.00692181	0.000411321
0.00690237	0.000411986
0.00418173	0.000496375
0.00414132	0.000497327
0.00143422	0.00054179
0.00137489	0.000542378
-5.47162e-11	0.000543192
)

((xy/key/label "radial3")
0.1225	0.232902
0.116357	0.232563
0.110529	0.229779
0.105	0.218354
0.100134	0.187701
0.0955213	0.132277
0.0910459	0.0667361
0.0870624	0.0221315
0.0838325	0.00560573
0.0812173	0.00161115
0.0790543	0.000434426
0.0772362	9.2518e-05
0.0757083	5.18367e-05
0.0744563	3.46458e-05
0.0735	2.71167e-05
0.0720703	2.25462e-05
0.0715106	2.24503e-05
0.0702194	2.49503e-05
0.0690927	3.1304e-05
0.0679395	4.47268e-05
0.0665	8.4565e-05
0.0656194	0.000125558
0.0645327	0.00020554
0.063245	0.000393123
0.0617363	0.000833312
0.0598516	0.00178128
0.0598454	0.00178552
0.0585559	0.00304843
0.0574323	0.00494935
0.0562531	0.00723846
0.0549676	0.00976744
0.0535792	0.0132759
0.0520485	0.018754
0.0503005	0.0274094
0.0480576	0.0416837
0.046048	0.0577723
0.0443259	0.0743492
0.0426491	0.092582
0.041125	0.111144
0.0398023	0.129346
0.0380645	0.153929
0.0377403	0.158384
0.0350023	0.189599
0.0322639	0.192262
0.0319385	0.190762
0.0302018	0.175942
0.028875	0.15986
0.0271234	0.137563
0.0254123	0.116998
0.0240602	0.103005
0.0231	0.0934462
0.0209392	0.0752574
0.0203912	0.0711419
0.0180481	0.055722
0.0176999	0.0536713
0.0152139	0.0410842
0.0150313	0.0403103
0.0124237	0.0312479
0.0123554	0.0310561
0.00966071	0.0245698
0.0096491	0.024543
0.00692181	0.017953
0.00690236	0.0179101
0.00418173	0.0131631
0.00414132	0.0131117
0.00143423	0.0108987
0.00137489	0.010873
7.51322e-11	0.0108267
)

((xy/key/label "radial4")
0.1225	0.232578
0.116357	0.231882
0.110529	0.22785
0.105	0.213845
0.100134	0.189668
0.0955213	0.154284
0.0910459	0.110771
0.0870624	0.0727765
0.0838325	0.0465834
0.0812173	0.0301208
0.0790543	0.0200935
0.0772362	0.0138928
0.0757083	0.0101364
0.0744563	0.00791412
0.0735	0.00658617
0.0720703	0.00509419
0.0715106	0.00463079
0.0702194	0.00371645
0.0690927	0.00312806
0.0679395	0.00266484
0.0665	0.00222822
0.0656194	0.00203262
0.0645327	0.00185502
0.063245	0.00172672
0.0617363	0.00167852
0.0598516	0.00179113
0.0598454	0.00179178
0.0585559	0.00197762
0.0574323	0.00225374
0.0562531	0.00266188
0.0549676	0.00319273
0.0535792	0.00390275
0.0520485	0.00497589
0.0503005	0.00647625
0.0480576	0.00894389
0.046048	0.0115851
0.0443259	0.0142311
0.0426491	0.0171395
0.041125	0.0197247
0.0398023	0.0221042
0.0380645	0.0251084
0.0377403	0.0256455
0.0350023	0.029909
0.0322639	0.0328032
0.0319384	0.0330487
0.0302017	0.0340341
0.028875	0.0341843
0.0271234	0.0339487
0.0254123	0.0333627
0.0240602	0.0326922
0.0231	0.0321597
0.0209392	0.0308398
0.0203912	0.0304906
0.0180481	0.0288142
0.0176998	0.0284531
0.0152139	0.0245926
0.0150313	0.0242543
0.0124237	0.0195668
0.0123554	0.0194568
0.0096607	0.0156027
0.00964909	0.0155883
0.0069218	0.012674
0.00690235	0.0126566
0.00418173	0.0107103
0.00414132	0.0106883
0.00143423	0.00970324
0.00137489	0.00969177
3.37461e-11	0.00967696
)

((xy/key/label "radial5")
0.1225	0.23198
0.116357	0.230896
0.110529	0.226114
0.105	0.211969
0.100134	0.189523
0.0955213	0.15985
0.091046	0.124606
0.0870624	0.0921944
0.0838325	0.067962
0.0812173	0.0512195
0.0790543	0.0398292
0.0772362	0.0318281
0.0757083	0.0259731
0.0744563	0.0219525
0.0735	0.0193346
0.0720703	0.0158115
0.0715106	0.0145672
0.0702194	0.0120052
0.0690927	0.0102577
0.0679395	0.00881307
0.0665	0.00729378
0.0656194	0.00649772
0.0645327	0.0056387
0.063245	0.00477295
0.0617363	0.00394299
0.0598516	0.00313775
0.0598454	0.00313523
0.0585559	0.00269834
0.0574323	0.00240685
0.0562531	0.00219062
0.0549676	0.00206314
0.0535792	0.00200409
0.0520485	0.00199166
0.0503005	0.0020322
0.0480576	0.00216036
0.046048	0.00232548
0.0443259	0.00250411
0.0426492	0.00270027
0.041125	0.00289165
0.0398023	0.00306987
0.0380646	0.00347666
0.0377403	0.00356705
0.0350023	0.00441125
0.0322639	0.00515809
0.0319383	0.00523667
0.0302017	0.00562483
0.028875	0.00586886
0.0271234	0.00608029
0.0254123	0.00610682
0.0240602	0.00595874
0.0230999	0.00580617
0.0209391	0.00521904
0.0203912	0.00502703
0.0180481	0.00403802
0.0176998	0.00388008
0.0152139	0.00277871
0.0150312	0.00270006
0.0124237	0.0015443
0.0123554	0.0015135
0.00966069	0.000445005
0.00964909	0.000442137
0.0069218	0.000207447
0.00690234	0.000207308
0.00418173	0.000238673
0.00414131	0.000239139
0.00143423	0.000266642
0.00137489	0.000267009
5.95845e-11	0.000268532
)
