(title "Mass fraction of h2")
(labels "Position" "Mass fraction of h2")

((xy/key/label "radial1")
0.1225	0
0.116357	7.68995e-07
0.110529	7.70761e-07
0.105	0.00107446
0.100134	0.0212009
0.0955213	0.0489254
0.0910459	0.0626848
0.0870624	0.074904
0.0838325	0.0948867
0.0812173	0.124338
0.0790543	0.166422
0.0772362	0.224428
0.0757083	0.299998
0.0744563	0.391154
0.0735	0.48856
0.0720703	0.704493
0.0715106	0.790283
0.0702194	0.845852
0.0690927	0.693737
0.0679395	0.492632
0.0665	0.32031
0.0656194	0.247541
0.0645328	0.174466
0.063245	0.119131
0.0617363	0.088468
0.0598516	0.0758103
0.0598454	0.0757934
0.0585559	0.0728004
0.0574323	0.0714254
0.0562532	0.0701489
0.0549676	0.0686997
0.0535792	0.06709
0.0520485	0.0651419
0.0503005	0.0621378
0.0480576	0.055007
0.046048	0.0428799
0.0443259	0.0264646
0.0426491	0.0105996
0.041125	0.002011
0.0398023	6.70234e-12
0.0380644	3.98754e-13
0.0377403	0
0.0350023	0
0.0322639	3.60732e-20
0.0319385	1.02197e-06
0.0302018	3.1486e-05
0.028875	0.00770875
0.0271234	0.0258288
0.0254123	0.043013
0.0240602	0.0523633
0.0231	0.0576516
0.0209392	0.0631184
0.0203912	0.0635204
0.0180482	0.0618653
0.0176999	0.0612434
0.0152139	0.0550386
0.0150313	0.05452
0.0124237	0.0470411
0.0123554	0.0468575
0.00966072	0.0406125
0.00964911	0.0405903
0.00692181	0.0364865
0.00690237	0.0364641
0.00418173	0.0339941
0.00414132	0.0339677
0.00143422	0.0327873
0.00137489	0.0327737
-2.81008e-11	0.0327197
)

((xy/key/label "radial2")
0.1225	0
0.116357	0
0.110529	0
0.105	0.000438969
0.100134	0.00574373
0.0955213	0.0216402
0.0910459	0.0473925
0.0870624	0.0913114
0.0838325	0.156427
0.0812173	0.229806
0.0790543	0.302439
0.0772362	0.373076
0.0757083	0.437714
0.0744563	0.487465
0.0735	0.515349
0.0720703	0.51864
0.0715106	0.504652
0.0702194	0.456459
0.0690927	0.397776
0.0679395	0.336305
0.0665	0.265669
0.0656194	0.227959
0.0645327	0.186136
0.063245	0.144525
0.0617363	0.109472
0.0598516	0.0820833
0.0598454	0.0820186
0.0585559	0.0704003
0.0574323	0.0643351
0.0562532	0.0592803
0.0549676	0.0543155
0.0535792	0.0494385
0.0520485	0.0440196
0.0503005	0.0375817
0.0480576	0.0282422
0.046048	0.0187929
0.0443259	0.0107737
0.0426491	0.00448585
0.041125	0.00103552
0.0398023	2.89087e-06
0.0380644	7.95318e-13
0.0377403	5.17406e-20
0.0350023	0
0.0322639	1.15333e-14
0.0319385	2.07333e-09
0.0302018	6.01772e-06
0.028875	0.00185501
0.0271234	0.00772292
0.0254123	0.0156995
0.0240602	0.0219745
0.0231	0.0256701
0.0209392	0.0304305
0.0203912	0.0308285
0.0180482	0.0302387
0.0176999	0.0299274
0.0152139	0.0271394
0.0150313	0.0269194
0.0124237	0.0239276
0.0123554	0.0238563
0.00966072	0.0213915
0.0096491	0.0213824
0.00692181	0.0196221
0.00690237	0.0196119
0.00418173	0.0184865
0.00414132	0.018474
0.00143422	0.0179093
0.00137489	0.0179025
-5.47162e-11	0.0178781
)

((xy/key/label "radial3")
0.1225	1.10879e-20
0.116357	5.53955e-21
0.110529	0
0.105	0.000290327
0.100134	0.00231963
0.0955213	0.0100516
0.0910459	0.0294243
0.0870624	0.0595005
0.0838325	0.0885544
0.0812173	0.110291
0.0790543	0.124982
0.0772362	0.134047
0.0757083	0.139079
0.0744563	0.141738
0.0735	0.142875
0.0720703	0.143065
0.0715106	0.142687
0.0702194	0.141097
0.0690927	0.138717
0.0679395	0.135378
0.0665	0.129765
0.0656194	0.12566
0.0645327	0.12002
0.063245	0.112724
0.0617363	0.103957
0.0598516	0.0928721
0.0598454	0.0928351
0.0585559	0.0847536
0.0574323	0.0771453
0.0562531	0.0695445
0.0549676	0.0620023
0.0535792	0.0543384
0.0520485	0.046205
0.0503005	0.0376007
0.0480576	0.0280028
0.046048	0.0205971
0.0443259	0.0153311
0.0426491	0.0110461
0.041125	0.00780562
0.0398023	0.00546549
0.0380645	0.00323936
0.0377403	0.00289156
0.0350023	0.000898562
0.0322639	0.00037165
0.0319385	0.000373687
0.0302018	0.000590204
0.028875	0.00100625
0.0271234	0.00165056
0.0254123	0.00235003
0.0240602	0.00291418
0.0231	0.00333388
0.0209392	0.0042672
0.0203912	0.00450039
0.0180481	0.00538732
0.0176999	0.00550492
0.0152139	0.00624089
0.0150313	0.00629032
0.0124237	0.00691048
0.0123554	0.0069243
0.00966071	0.00734829
0.0096491	0.00734937
0.00692181	0.00743114
0.00690236	0.0074309
0.00418173	0.0073985
0.00414132	0.00739775
0.00143423	0.00737177
0.00137489	0.00737124
7.51322e-11	0.00737069
)

((xy/key/label "radial4")
0.1225	1.9704e-17
0.116357	9.84052e-18
0.110529	0
0.105	8.43412e-05
0.100134	0.000841517
0.0955213	0.00294059
0.0910459	0.00684566
0.0870624	0.0122498
0.0838325	0.0177388
0.0812173	0.0226072
0.0790543	0.026668
0.0772362	0.029966
0.0757083	0.0326053
0.0744563	0.0346132
0.0735	0.0360037
0.0720703	0.0377811
0.0715106	0.0383746
0.0702194	0.0396008
0.0690927	0.0404193
0.0679395	0.0410322
0.0665	0.0415035
0.0656194	0.041627
0.0645327	0.0416204
0.063245	0.0413958
0.0617363	0.0408587
0.0598516	0.0397918
0.0598454	0.0397879
0.0585559	0.0388506
0.0574323	0.0378636
0.0562531	0.0366898
0.0549676	0.0353051
0.0535792	0.0337022
0.0520485	0.0318051
0.0503005	0.0295464
0.0480576	0.0265857
0.046048	0.0239353
0.0443259	0.0217395
0.0426491	0.0196903
0.041125	0.0179355
0.0398023	0.0165031
0.0380645	0.014803
0.0377403	0.0145024
0.0350023	0.0122307
0.0322639	0.0104356
0.0319384	0.0102505
0.0302017	0.00933906
0.028875	0.00876071
0.0271234	0.00812687
0.0254123	0.00762943
0.0240602	0.00731351
0.0231	0.00711417
0.0209392	0.00676063
0.0203912	0.00668875
0.0180481	0.00641461
0.0176998	0.00637073
0.0152139	0.00596564
0.0150313	0.00593244
0.0124237	0.00547177
0.0123554	0.00546089
0.0096607	0.00506972
0.00964909	0.00506822
0.0069218	0.00475468
0.00690235	0.00475267
0.00418173	0.00452895
0.00414132	0.00452623
0.00143423	0.00440414
0.00137489	0.00440254
3.37461e-11	0.00439604
)

((xy/key/label "radial5")
0.1225	9.23431e-17
0.116357	4.61399e-17
0.110529	0
0.105	1.7375e-05
0.100134	0.000387262
0.0955213	0.0013691
0.091046	0.00301877
0.0870624	0.00517508
0.0838325	0.00734073
0.0812173	0.00931959
0.0790543	0.0110627
0.0772362	0.0125555
0.0757083	0.0137938
0.0744563	0.0147876
0.0735	0.0155266
0.0720703	0.0165824
0.0715106	0.0169763
0.0702194	0.0178754
0.0690927	0.018607
0.0679395	0.0192996
0.0665	0.0200828
0.0656194	0.020513
0.0645327	0.0209929
0.063245	0.0214871
0.0617363	0.0219615
0.0598516	0.0223971
0.0598454	0.0223985
0.0585559	0.0226116
0.0574323	0.0227212
0.0562531	0.0227794
0.0549676	0.0227807
0.0535792	0.0227062
0.0520485	0.022533
0.0503005	0.0222285
0.0480576	0.0216833
0.046048	0.0210887
0.0443259	0.020498
0.0426492	0.0198709
0.041125	0.0192656
0.0398023	0.0187175
0.0380646	0.0179597
0.0377403	0.0178157
0.0350023	0.0165793
0.0322639	0.015349
0.0319383	0.0152048
0.0302017	0.0144412
0.028875	0.0138759
0.0271234	0.0131527
0.0254123	0.0124726
0.0240602	0.011958
0.0230999	0.0116009
0.0209391	0.010839
0.0203912	0.0106549
0.0180481	0.00990719
0.0176998	0.00980009
0.0152139	0.00904403
0.0150312	0.00898956
0.0124237	0.00824977
0.0123554	0.00823191
0.00966069	0.00759567
0.00964909	0.00759331
0.0069218	0.00713042
0.00690234	0.00712769
0.00418173	0.00682291
0.00414131	0.00681941
0.00143423	0.00665902
0.00137489	0.00665703
5.95845e-11	0.00664873
)
