(title "Turbulent Intensity")
(labels "Position" "Turbulent Intensity")

((xy/key/label "radial1")
0.1225	0.612185
0.116357	0.476013
0.110529	0.429504
0.105	0.605307
0.100134	0.813391
0.0955213	0.955218
0.0910459	1.04783
0.0870624	1.27678
0.0838325	1.71832
0.0812173	2.48894
0.0790543	3.66008
0.0772362	5.22339
0.0757083	6.91197
0.0744563	8.18681
0.0735	8.65061
0.0720703	7.3194
0.0715106	6.25871
0.0702194	5.4997
0.0690927	7.5752
0.0679395	9.12612
0.0665	8.72497
0.0656194	7.7037
0.0645328	6.01098
0.063245	4.05817
0.0617363	2.71251
0.0598516	2.14994
0.0598454	2.14925
0.0585559	2.05985
0.0574323	2.04639
0.0562532	2.04551
0.0549676	2.05029
0.0535792	2.0588
0.0520485	2.07476
0.0503005	2.11217
0.0480576	2.22854
0.046048	2.37629
0.0443259	2.3846
0.0426491	1.97598
0.041125	1.2739
0.0398023	0.751308
0.0380644	0.590434
0.0377403	0.572643
0.0350023	0.549928
0.0322639	0.573736
0.0319385	0.596628
0.0302018	0.867579
0.028875	1.54441
0.0271234	2.01295
0.0254123	1.95924
0.0240602	1.81806
0.0231	1.71194
0.0209392	1.49713
0.0203912	1.45976
0.0180482	1.3722
0.0176999	1.3679
0.0152139	1.37336
0.0150313	1.37567
0.0124237	1.4198
0.0123554	1.42104
0.00966072	1.4635
0.00964911	1.46366
0.00692181	1.49046
0.00690237	1.4906
0.00418173	1.50454
0.00414132	1.50469
0.00143422	1.5113
0.00137489	1.5114
-2.81008e-11	1.51241
)

((xy/key/label "radial2")
0.1225	0.617761
0.116357	0.48417
0.110529	0.390806
0.105	0.512087
0.100134	0.767095
0.0955213	1.06347
0.0910459	1.29392
0.0870624	1.92849
0.0838325	3.13998
0.0812173	4.42273
0.0790543	5.46319
0.0772362	6.22545
0.0757083	6.67102
0.0744563	6.8594
0.0735	6.9166
0.0720703	7.08534
0.0715106	7.20608
0.0702194	7.44646
0.0690927	7.47101
0.0679395	7.21879
0.0665	6.61884
0.0656194	6.12594
0.0645327	5.42443
0.063245	4.53156
0.0617363	3.6077
0.0598516	2.89338
0.0598454	2.89197
0.0585559	2.67379
0.0574323	2.62125
0.0562532	2.62824
0.0549676	2.67514
0.0535792	2.74822
0.0520485	2.83879
0.0503005	2.93542
0.0480576	2.99356
0.046048	2.90083
0.0443259	2.57996
0.0426491	1.96382
0.041125	1.24898
0.0398023	0.733042
0.0380644	0.519619
0.0377403	0.495841
0.0350023	0.449233
0.0322639	0.491988
0.0319385	0.521172
0.0302018	0.866241
0.028875	1.37027
0.0271234	1.89711
0.0254123	2.22238
0.0240602	2.37872
0.0231	2.45375
0.0209392	2.49998
0.0203912	2.4917
0.0180482	2.402
0.0176999	2.38516
0.0152139	2.25579
0.0150313	2.24685
0.0124237	2.12715
0.0123554	2.12443
0.00966072	2.02839
0.0096491	2.02805
0.00692181	1.95843
0.00690237	1.95803
0.00418173	1.91375
0.00414132	1.91327
0.00143422	1.89176
0.00137489	1.89151
-5.47162e-11	1.89122
)

((xy/key/label "radial3")
0.1225	0.557698
0.116357	0.459751
0.110529	0.346591
0.105	0.425905
0.100134	0.658332
0.0955213	0.940782
0.0910459	1.24614
0.0870624	1.54475
0.0838325	1.76021
0.0812173	1.89411
0.0790543	1.97821
0.0772362	2.03311
0.0757083	2.06984
0.0744563	2.09457
0.0735	2.11077
0.0720703	2.13162
0.0715106	2.13886
0.0702194	2.15586
0.0690927	2.17101
0.0679395	2.18834
0.0665	2.21459
0.0656194	2.2344
0.0645327	2.2639
0.063245	2.30735
0.0617363	2.37083
0.0598516	2.46993
0.0598454	2.4703
0.0585559	2.548
0.0574323	2.62081
0.0562531	2.70132
0.0549676	2.79002
0.0535792	2.88282
0.0520485	2.97576
0.0503005	3.06133
0.0480576	3.12093
0.046048	3.12059
0.0443259	3.06175
0.0426491	2.94277
0.041125	2.7735
0.0398023	2.5633
0.0380645	2.19856
0.0377403	2.12331
0.0350023	1.46005
0.0322639	1.2997
0.0319385	1.32525
0.0302018	1.63353
0.028875	1.98554
0.0271234	2.37773
0.0254123	2.66533
0.0240602	2.81163
0.0231	2.90139
0.0209392	3.00769
0.0203912	3.02088
0.0180481	3.02356
0.0176999	3.01814
0.0152139	2.94779
0.0150313	2.94097
0.0124237	2.82948
0.0123554	2.82638
0.00966071	2.70396
0.0096491	2.70346
0.00692181	2.59586
0.00690236	2.59521
0.00418173	2.51836
0.00414132	2.51751
0.00143423	2.4781
0.00137489	2.47766
7.51322e-11	2.47744
)

((xy/key/label "radial4")
0.1225	0.509772
0.116357	0.422512
0.110529	0.317345
0.105	0.346299
0.100134	0.456342
0.0955213	0.590644
0.0910459	0.718766
0.0870624	0.818455
0.0838325	0.892861
0.0812173	0.956973
0.0790543	1.01868
0.0772362	1.07904
0.0757083	1.13623
0.0744563	1.1877
0.0735	1.22976
0.0720703	1.29697
0.0715106	1.32419
0.0702194	1.38958
0.0690927	1.44853
0.0679395	1.50989
0.0665	1.58756
0.0656194	1.63508
0.0645327	1.69314
0.063245	1.76117
0.0617363	1.83869
0.0598516	1.93168
0.0598454	1.93198
0.0585559	1.99204
0.0574323	2.04085
0.0562531	2.08961
0.0549676	2.13882
0.0535792	2.1868
0.0520485	2.23298
0.0503005	2.27637
0.0480576	2.31684
0.046048	2.34067
0.0443259	2.35024
0.0426491	2.35154
0.041125	2.34674
0.0398023	2.33872
0.0380645	2.32478
0.0377403	2.32196
0.0350023	2.29701
0.0322639	2.27615
0.0319384	2.27411
0.0302017	2.26477
0.028875	2.25983
0.0271234	2.25464
0.0254123	2.24962
0.0240602	2.24445
0.0231	2.24042
0.0209392	2.2279
0.0203912	2.22406
0.0180481	2.20419
0.0176998	2.20086
0.0152139	2.17488
0.0150313	2.17289
0.0124237	2.14412
0.0123554	2.14339
0.0096607	2.11593
0.00964909	2.11582
0.0069218	2.09336
0.00690235	2.09323
0.00418173	2.07791
0.00414132	2.07775
0.00143423	2.07022
0.00137489	2.07014
3.37461e-11	2.07029
)

((xy/key/label "radial5")
0.1225	0.496734
0.116357	0.416437
0.110529	0.306793
0.105	0.302254
0.100134	0.372474
0.0955213	0.467686
0.091046	0.563919
0.0870624	0.652132
0.0838325	0.730121
0.0812173	0.800674
0.0790543	0.864114
0.0772362	0.920054
0.0757083	0.968529
0.0744563	1.00903
0.0735	1.04023
0.0720703	1.08734
0.0715106	1.10569
0.0702194	1.14837
0.0690927	1.18512
0.0679395	1.2222
0.0665	1.26784
0.0656194	1.29499
0.0645327	1.32774
0.063245	1.36553
0.0617363	1.40767
0.0598516	1.45678
0.0598454	1.45694
0.0585559	1.4882
0.0574323	1.51366
0.0562531	1.53902
0.0549676	1.56463
0.0535792	1.58991
0.0520485	1.61488
0.0503005	1.63961
0.0480576	1.66557
0.046048	1.68423
0.0443259	1.69619
0.0426492	1.70494
0.041125	1.71047
0.0398023	1.71348
0.0380646	1.71513
0.0377403	1.71524
0.0350023	1.71346
0.0322639	1.70795
0.0319383	1.70712
0.0302017	1.7022
0.028875	1.69806
0.0271234	1.69233
0.0254123	1.68654
0.0240602	1.6819
0.0230999	1.67867
0.0209391	1.67162
0.0203912	1.66992
0.0180481	1.66297
0.0176998	1.66201
0.0152139	1.65558
0.0150312	1.65515
0.0124237	1.64948
0.0123554	1.64935
0.00966069	1.64466
0.00964909	1.64465
0.0069218	1.64111
0.00690234	1.64109
0.00418173	1.63878
0.00414131	1.63875
0.00143423	1.63765
0.00137489	1.63764
5.95845e-11	1.63768
)
