(title "Turbulent Intensity")
(labels "Position" "Turbulent Intensity")

((xy/key/label "radial1")
0.1225	0.752518
0.116357	0.574578
0.110529	0.517055
0.105	0.764703
0.100134	1.03631
0.0955213	1.19914
0.0910459	1.29603
0.0870624	1.52494
0.0838325	1.92861
0.0812173	2.65371
0.0790543	3.80621
0.0772362	5.35641
0.0757083	6.99067
0.0744563	8.16037
0.0735	8.47595
0.0720703	6.87533
0.0715106	5.83679
0.0702194	5.14791
0.0690927	7.19864
0.0679395	8.86483
0.0665	8.71448
0.0656194	7.83244
0.0645328	6.41052
0.063245	4.76068
0.0617363	3.44657
0.0598516	2.68803
0.0598454	2.68673
0.0585559	2.478
0.0574323	2.40342
0.0562532	2.36247
0.0549676	2.34107
0.0535792	2.33235
0.0520485	2.33341
0.0503005	2.34629
0.0480576	2.37015
0.046048	2.34985
0.0443259	2.32461
0.0426491	2.21911
0.041125	1.70071
0.0398023	0.974775
0.0380644	0.683985
0.0377403	0.65397
0.0350023	0.621319
0.0322639	0.654468
0.0319385	0.689055
0.0302018	1.09137
0.028875	1.92788
0.0271234	2.37572
0.0254123	2.21428
0.0240602	2.04631
0.0231	1.91909
0.0209392	1.67816
0.0203912	1.63051
0.0180482	1.53788
0.0176999	1.53246
0.0152139	1.55082
0.0150313	1.55375
0.0124237	1.60934
0.0123554	1.61063
0.00966072	1.65157
0.00964911	1.6517
0.00692181	1.6752
0.00690237	1.67534
0.00418173	1.68927
0.00414132	1.68943
0.00143422	1.69683
0.00137489	1.69694
-2.81008e-11	1.6981
)

((xy/key/label "radial2")
0.1225	0.756891
0.116357	0.584015
0.110529	0.470051
0.105	0.665405
0.100134	1.02652
0.0955213	1.30134
0.0910459	1.47919
0.0870624	2.08523
0.0838325	3.14556
0.0812173	4.34386
0.0790543	5.40617
0.0772362	6.18321
0.0757083	6.64127
0.0744563	6.84096
0.0735	6.90266
0.0720703	7.06367
0.0715106	7.18604
0.0702194	7.40644
0.0690927	7.42504
0.0679395	7.17143
0.0665	6.5769
0.0656194	6.09484
0.0645327	5.4206
0.063245	4.59139
0.0617363	3.76734
0.0598516	3.15275
0.0598454	3.15154
0.0585559	2.9661
0.0574323	2.92243
0.0562532	2.93215
0.0549676	2.97883
0.0535792	3.04888
0.0520485	3.13115
0.0503005	3.20969
0.0480576	3.22465
0.046048	3.07695
0.0443259	2.7718
0.0426491	2.30857
0.041125	1.67849
0.0398023	1.02
0.0380644	0.618782
0.0377403	0.576103
0.0350023	0.503287
0.0322639	0.572513
0.0319385	0.620386
0.0302018	1.15839
0.028875	1.77256
0.0271234	2.23343
0.0254123	2.46868
0.0240602	2.6189
0.0231	2.70276
0.0209392	2.81671
0.0203912	2.82252
0.0180482	2.7827
0.0176999	2.76818
0.0152139	2.63963
0.0150313	2.62951
0.0124237	2.4881
0.0123554	2.48472
0.00966072	2.36255
0.0096491	2.3621
0.00692181	2.26895
0.00690237	2.2684
0.00418173	2.20512
0.00414132	2.20439
0.00143422	2.16835
0.00137489	2.16783
-5.47162e-11	2.16231
)

((xy/key/label "radial3")
0.1225	0.697443
0.116357	0.565024
0.110529	0.41901
0.105	0.507528
0.100134	0.75825
0.0955213	1.05084
0.0910459	1.29885
0.0870624	1.48136
0.0838325	1.60939
0.0812173	1.6979
0.0790543	1.7611
0.0772362	1.80978
0.0757083	1.85029
0.0744563	1.88538
0.0735	1.9146
0.0720703	1.96495
0.0715106	1.98673
0.0702194	2.0443
0.0690927	2.10371
0.0679395	2.17435
0.0665	2.27723
0.0656194	2.34864
0.0645327	2.44494
0.063245	2.57016
0.0617363	2.72832
0.0598516	2.93774
0.0598454	2.93846
0.0585559	3.08293
0.0574323	3.20558
0.0562531	3.33121
0.0549676	3.45986
0.0535792	3.58489
0.0520485	3.70052
0.0503005	3.7957
0.0480576	3.83844
0.046048	3.79576
0.0443259	3.6722
0.0426491	3.46003
0.041125	3.17745
0.0398023	2.84031
0.0380645	2.2815
0.0377403	2.17541
0.0350023	1.31031
0.0322639	1.16951
0.0319385	1.2
0.0302018	1.55772
0.028875	2.03562
0.0271234	2.60257
0.0254123	3.03062
0.0240602	3.253
0.0231	3.38737
0.0209392	3.55546
0.0203912	3.57747
0.0180481	3.59752
0.0176999	3.59206
0.0152139	3.50966
0.0150313	3.50123
0.0124237	3.36091
0.0123554	3.35696
0.00966071	3.19918
0.0096491	3.19854
0.00692181	3.05773
0.00690236	3.05687
0.00418173	2.9553
0.00414132	2.95417
0.00143423	2.90115
0.00137489	2.90054
7.51322e-11	2.89947
)

((xy/key/label "radial4")
0.1225	0.637059
0.116357	0.529134
0.110529	0.391444
0.105	0.413881
0.100134	0.554994
0.0955213	0.746496
0.0910459	0.937459
0.0870624	1.08353
0.0838325	1.17652
0.0812173	1.24398
0.0790543	1.30852
0.0772362	1.37639
0.0757083	1.44555
0.0744563	1.51119
0.0735	1.56682
0.0720703	1.65874
0.0715106	1.69673
0.0702194	1.78907
0.0690927	1.8735
0.0679395	1.96203
0.0665	2.07449
0.0656194	2.14337
0.0645327	2.22743
0.063245	2.32577
0.0617363	2.43734
0.0598516	2.57043
0.0598454	2.57087
0.0585559	2.65635
0.0574323	2.72536
0.0562531	2.79384
0.0549676	2.86243
0.0535792	2.92849
0.0520485	2.99077
0.0503005	3.04701
0.0480576	3.09389
0.046048	3.11472
0.0443259	3.11358
0.0426491	3.09751
0.041125	3.07169
0.0398023	3.04182
0.0380645	2.99659
0.0377403	2.9879
0.0350023	2.91519
0.0322639	2.86281
0.0319384	2.8585
0.0302017	2.84154
0.028875	2.83753
0.0271234	2.83803
0.0254123	2.84022
0.0240602	2.83935
0.0231	2.8377
0.0209392	2.82545
0.0203912	2.82057
0.0180481	2.79125
0.0176998	2.78586
0.0152139	2.74154
0.0150313	2.738
0.0124237	2.68566
0.0123554	2.68429
0.0096607	2.63293
0.00964909	2.63273
0.0069218	2.59029
0.00690235	2.59004
0.00418173	2.56075
0.00414132	2.56043
0.00143423	2.54522
0.00137489	2.54504
3.37461e-11	2.54441
)

((xy/key/label "radial5")
0.1225	0.608597
0.116357	0.517926
0.110529	0.384051
0.105	0.376015
0.100134	0.480773
0.0955213	0.625772
0.091046	0.764241
0.0870624	0.877427
0.0838325	0.970378
0.0812173	1.05361
0.0790543	1.13103
0.0772362	1.20217
0.0757083	1.26525
0.0744563	1.31858
0.0735	1.36018
0.0720703	1.42375
0.0715106	1.44874
0.0702194	1.50703
0.0690927	1.55756
0.0679395	1.60891
0.0665	1.67252
0.0656194	1.71049
0.0645327	1.75644
0.063245	1.80951
0.0617363	1.86864
0.0598516	1.9376
0.0598454	1.93782
0.0585559	1.98163
0.0574323	2.01719
0.0562531	2.05239
0.0549676	2.08767
0.0535792	2.12211
0.0520485	2.15564
0.0503005	2.18811
0.0480576	2.22076
0.046048	2.24283
0.0443259	2.25542
0.0426492	2.26298
0.041125	2.26597
0.0398023	2.2657
0.0380646	2.26157
0.0377403	2.26049
0.0350023	2.24684
0.0322639	2.22733
0.0319383	2.22475
0.0302017	2.21032
0.028875	2.19891
0.0271234	2.18385
0.0254123	2.16917
0.0240602	2.15775
0.0230999	2.14985
0.0209391	2.13302
0.0203912	2.12898
0.0180481	2.11279
0.0176998	2.11055
0.0152139	2.09575
0.0150312	2.09475
0.0124237	2.08174
0.0123554	2.08144
0.00966069	2.07061
0.00964909	2.07057
0.0069218	2.06228
0.00690234	2.06223
0.00418173	2.05662
0.00414131	2.05656
0.00143423	2.05364
0.00137489	2.0536
5.95845e-11	2.05348
)
