(title "Turbulent Kinetic Energy (k)")
(labels "Position" "Turbulent Kinetic Energy (k)")

((xy/key/label "radial1")
0.1225	0.849253
0.116357	0.542765
0.110529	0.423133
0.105	0.899486
0.100134	1.64648
0.0955213	2.15774
0.0910459	2.53045
0.0870624	3.51839
0.0838325	5.69946
0.0812173	10.96
0.0790543	22.6174
0.0772362	44.3003
0.0757083	74.2632
0.0744563	100.183
0.0735	107.897
0.0720703	74.6612
0.0715106	54.982
0.0702194	42.5766
0.0690927	81.6079
0.0679395	118.4
0.0665	114.428
0.0656194	92.745
0.0645328	62.7555
0.063245	34.9777
0.0617363	18.2312
0.0598516	10.8898
0.0598454	10.8792
0.0585559	9.22339
0.0574323	8.67657
0.0562532	8.38537
0.0549676	8.23736
0.0535792	8.18052
0.0520485	8.19373
0.0503005	8.29214
0.0480576	8.47162
0.046048	8.324
0.0443259	8.13808
0.0426491	7.40812
0.041125	4.72153
0.0398023	1.48398
0.0380644	0.717794
0.0377403	0.643622
0.0350023	0.579815
0.0322639	0.64523
0.0319385	0.735835
0.0302018	1.90415
0.028875	6.08976
0.0271234	8.48323
0.0254123	7.40071
0.0240602	6.35604
0.0231	5.57839
0.0209392	4.27549
0.0203912	4.03061
0.0180482	3.60684
0.0176999	3.58449
0.0152139	3.68059
0.0150313	3.69367
0.0124237	3.9318
0.0123554	3.93726
0.00966072	4.11456
0.00964911	4.11515
0.00692181	4.22266
0.00690237	4.22328
0.00418173	4.28913
0.00414132	4.2899
0.00143422	4.32525
0.00137489	4.32575
-2.81008e-11	4.33119
)

((xy/key/label "radial2")
0.1225	0.858722
0.116357	0.556503
0.110529	0.336822
0.105	0.689967
0.100134	1.66243
0.0955213	2.5451
0.0910459	3.31763
0.0870624	6.89845
0.0838325	15.5139
0.0812173	28.9119
0.0790543	44.1965
0.0772362	57.5051
0.0757083	66.2498
0.0744563	70.285
0.0735	71.545
0.0720703	74.9237
0.0715106	77.554
0.0702194	82.4075
0.0690927	82.8647
0.0679395	77.3613
0.0665	65.0879
0.0656194	55.9159
0.0645327	44.3247
0.063245	31.921
0.0617363	21.5188
0.0598516	14.955
0.0598454	14.9435
0.0585559	13.2098
0.0574323	12.8233
0.0562532	12.9103
0.0549676	13.3271
0.0535792	13.9635
0.0520485	14.7284
0.0503005	15.4752
0.0480576	15.618
0.046048	14.231
0.0443259	11.5972
0.0426491	8.10615
0.041125	4.47258
0.0398023	1.66644
0.0380644	0.604767
0.0377403	0.503007
0.0350023	0.380209
0.0322639	0.501836
0.0319385	0.622508
0.0302018	2.1802
0.028875	4.88833
0.0271234	7.51125
0.0254123	9.16817
0.0240602	10.325
0.0231	10.9884
0.0209392	11.9319
0.0203912	11.9814
0.0180482	11.6496
0.0176999	11.5295
0.0152139	10.484
0.0150313	10.404
0.0124237	9.31119
0.0123554	9.2858
0.00966072	8.39059
0.0096491	8.38738
0.00692181	7.73536
0.00690237	7.73154
0.00418173	7.30397
0.00414132	7.29909
0.00143422	7.06129
0.00137489	7.05793
-5.47162e-11	7.02207
)

((xy/key/label "radial3")
0.1225	0.72809
0.116357	0.50522
0.110529	0.26363
0.105	0.400746
0.100134	0.899001
0.0955213	1.68767
0.0910459	2.54853
0.0870624	3.30535
0.0838325	3.89773
0.0812173	4.3381
0.0790543	4.66747
0.0772362	4.92889
0.0757083	5.15119
0.0744563	5.34702
0.0735	5.51277
0.0720703	5.80466
0.0715106	5.93291
0.0702194	6.27901
0.0690927	6.64713
0.0679395	7.09977
0.0665	7.78482
0.0656194	8.27963
0.0645327	8.97301
0.063245	9.91724
0.0617363	11.1785
0.0598516	12.9574
0.0598454	12.9637
0.0585559	14.2623
0.0574323	15.4199
0.0562531	16.6523
0.0549676	17.963
0.0535792	19.2838
0.0520485	20.5466
0.0503005	21.6149
0.0480576	22.1019
0.046048	21.6149
0.0443259	20.2384
0.0426491	17.984
0.041125	15.1877
0.0398023	12.1697
0.0380645	8.05703
0.0377403	7.35291
0.0350023	2.74701
0.0322639	2.16091
0.0319385	2.28941
0.0302018	3.76044
0.028875	6.34001
0.0271234	10.2693
0.0254123	13.8319
0.0240602	15.9395
0.0231	17.237
0.0209392	18.9687
0.0203912	19.2009
0.0180481	19.4149
0.0176999	19.3564
0.0152139	18.481
0.0150313	18.3928
0.0124237	16.9495
0.0123554	16.9098
0.00966071	15.3574
0.0096491	15.3511
0.00692181	14.0279
0.00690236	14.0199
0.00418173	13.1022
0.00414132	13.092
0.00143423	12.6253
0.00137489	12.62
7.51322e-11	12.6106
)

((xy/key/label "radial4")
0.1225	0.607646
0.116357	0.437468
0.110529	0.231164
0.105	0.260692
0.100134	0.474776
0.0955213	0.851611
0.0910459	1.3294
0.0870624	1.7663
0.0838325	2.07839
0.0812173	2.32279
0.0790543	2.57001
0.0772362	2.8435
0.0757083	3.13621
0.0744563	3.42702
0.0735	3.68402
0.0720703	4.13073
0.0715106	4.32191
0.0702194	4.80404
0.0690927	5.26781
0.0679395	5.77801
0.0665	6.45806
0.0656194	6.89349
0.0645327	7.4455
0.063245	8.11826
0.0617363	8.91682
0.0598516	9.91541
0.0598454	9.91876
0.0585559	10.5867
0.0574323	11.1439
0.0562531	11.7111
0.0549676	12.2931
0.0535792	12.8669
0.0520485	13.4198
0.0503005	13.929
0.0480576	14.3603
0.046048	14.5539
0.0443259	14.5431
0.0426491	14.3934
0.041125	14.1544
0.0398023	13.8803
0.0380645	13.4711
0.0377403	13.3931
0.0350023	12.7488
0.0322639	12.2942
0.0319384	12.257
0.0302017	12.112
0.028875	12.0779
0.0271234	12.0824
0.0254123	12.1013
0.0240602	12.094
0.0231	12.0802
0.0209392	11.9764
0.0203912	11.9352
0.0180481	11.6885
0.0176998	11.6435
0.0152139	11.276
0.0150313	11.2468
0.0124237	10.8207
0.0123554	10.8097
0.0096607	10.3997
0.00964909	10.3981
0.0069218	10.0652
0.00690235	10.0633
0.00418173	9.83669
0.00414132	9.83423
0.00143423	9.71763
0.00137489	9.71628
3.37461e-11	9.71143
)

((xy/key/label "radial5")
0.1225	0.554623
0.116357	0.414719
0.110529	0.224035
0.105	0.213785
0.100134	0.354421
0.0955213	0.595988
0.091046	0.881717
0.0870624	1.15875
0.0838325	1.41537
0.0812173	1.66767
0.0790543	1.92105
0.0772362	2.16965
0.0757083	2.4027
0.0744563	2.60899
0.0735	2.77615
0.0720703	3.04241
0.0715106	3.15003
0.0702194	3.40807
0.0690927	3.64028
0.0679395	3.88447
0.0665	4.19725
0.0656194	4.38986
0.0645327	4.62914
0.063245	4.91328
0.0617363	5.23993
0.0598516	5.63334
0.0598454	5.63462
0.0585559	5.89161
0.0574323	6.10496
0.0562531	6.31988
0.0549676	6.53905
0.0535792	6.75656
0.0520485	6.97174
0.0503005	7.18329
0.0480576	7.39914
0.046048	7.54671
0.0443259	7.63155
0.0426492	7.68277
0.041125	7.70304
0.0398023	7.70115
0.0380646	7.67306
0.0377403	7.66573
0.0350023	7.57334
0.0322639	7.44237
0.0319383	7.42515
0.0302017	7.32905
0.028875	7.25358
0.0271234	7.1545
0.0254123	7.05863
0.0240602	6.98458
0.0230999	6.93349
0.0209391	6.82531
0.0203912	6.7995
0.0180481	6.69645
0.0176998	6.68226
0.0152139	6.58879
0.0150312	6.58252
0.0124237	6.501
0.0123554	6.49908
0.00966069	6.43165
0.00964909	6.43139
0.0069218	6.37997
0.00690234	6.37966
0.00418173	6.34501
0.00414131	6.34461
0.00143423	6.3266
0.00137489	6.32639
5.95845e-11	6.32562
)
