(title "Mass fraction of h2o")
(labels "Position" "Mass fraction of h2o")

((xy/key/label "radial1")
0.1225	2.8846e-06
0.116357	5.25625e-05
0.110529	0.00227556
0.105	0.0673814
0.100134	0.184924
0.0955213	0.241583
0.0910459	0.238874
0.0870624	0.235747
0.0838325	0.230615
0.0812173	0.222991
0.0790543	0.212078
0.0772362	0.196983
0.0757083	0.177349
0.0744563	0.153918
0.0735	0.129092
0.0720703	0.0747353
0.0715106	0.0532061
0.0702194	0.0391782
0.0690927	0.0773502
0.0679395	0.126673
0.0665	0.168752
0.0656194	0.186199
0.0645328	0.203857
0.063245	0.219356
0.0617363	0.23
0.0598516	0.23518
0.0598454	0.235187
0.0585559	0.236252
0.0574323	0.236637
0.0562532	0.236975
0.0549676	0.237347
0.0535792	0.237755
0.0520485	0.238247
0.0503005	0.238991
0.0480576	0.240483
0.046048	0.2409
0.0443259	0.230297
0.0426491	0.190776
0.041125	0.109556
0.0398023	0.030827
0.0380644	0.00519191
0.0377403	0.0023463
0.0350023	0.000163681
0.0322639	0.00386549
0.0319385	0.00808325
0.0302018	0.0639605
0.028875	0.168126
0.0271234	0.238728
0.0254123	0.242859
0.0240602	0.241168
0.0231	0.240111
0.0209392	0.238772
0.0203912	0.238672
0.0180482	0.239093
0.0176999	0.23925
0.0152139	0.240813
0.0150313	0.240943
0.0124237	0.242801
0.0123554	0.242846
0.00966072	0.244358
0.00964911	0.244363
0.00692181	0.245338
0.00690237	0.245343
0.00418173	0.24589
0.00414132	0.245896
0.00143422	0.246142
0.00137489	0.246145
-2.81008e-11	0.246156
)

((xy/key/label "radial2")
0.1225	8.98122e-06
0.116357	0.000154234
0.110529	0.00312518
0.105	0.0333922
0.100134	0.126056
0.0955213	0.212721
0.0910459	0.234528
0.0870624	0.228998
0.0838325	0.214524
0.0812173	0.196208
0.0790543	0.177754
0.0772362	0.159776
0.0757083	0.143308
0.0744563	0.13063
0.0735	0.123524
0.0720703	0.122685
0.0715106	0.126248
0.0702194	0.138516
0.0690927	0.153421
0.0679395	0.168966
0.0665	0.186632
0.0656194	0.195972
0.0645327	0.206096
0.063245	0.215644
0.0617363	0.223435
0.0598516	0.229786
0.0598454	0.229802
0.0585559	0.232982
0.0574323	0.235367
0.0562532	0.23704
0.0549676	0.238302
0.0535792	0.239256
0.0520485	0.239983
0.0503005	0.240065
0.0480576	0.235674
0.046048	0.222024
0.0443259	0.193733
0.0426491	0.147595
0.041125	0.093322
0.0398023	0.0445362
0.0380644	0.0111848
0.0377403	0.00713732
0.0350023	0.000867718
0.0322639	0.010263
0.0319385	0.0160123
0.0302018	0.0809635
0.028875	0.150905
0.0271234	0.208968
0.0254123	0.234613
0.0240602	0.241526
0.0231	0.244555
0.0209392	0.246084
0.0203912	0.246211
0.0180482	0.246713
0.0176999	0.246798
0.0152139	0.247424
0.0150313	0.247469
0.0124237	0.248018
0.0123554	0.24803
0.00966072	0.248413
0.0096491	0.248414
0.00692181	0.248663
0.00690237	0.248664
0.00418173	0.248788
0.00414132	0.248789
0.00143422	0.248847
0.00137489	0.248848
-5.47162e-11	0.248852
)

((xy/key/label "radial3")
0.1225	0.000107316
0.116357	0.000477808
0.110529	0.00352295
0.105	0.0158632
0.100134	0.0486326
0.0955213	0.106915
0.0910459	0.173433
0.0870624	0.214743
0.0838325	0.225764
0.0812173	0.22482
0.0790543	0.222468
0.0772362	0.220573
0.0757083	0.219347
0.0744563	0.218694
0.0735	0.218415
0.0720703	0.218373
0.0715106	0.21847
0.0702194	0.218871
0.0690927	0.219468
0.0679395	0.2203
0.0665	0.221675
0.0656194	0.222666
0.0645327	0.223996
0.063245	0.225617
0.0617363	0.227319
0.0598516	0.229024
0.0598454	0.229029
0.0585559	0.229622
0.0574323	0.229378
0.0562531	0.228701
0.0549676	0.227747
0.0535792	0.225742
0.0520485	0.221682
0.0503005	0.21426
0.0480576	0.200959
0.046048	0.185197
0.0443259	0.168433
0.0426491	0.149664
0.041125	0.130312
0.0398023	0.111148
0.0380645	0.0850424
0.0377403	0.0802983
0.0350023	0.0469727
0.0322639	0.0443009
0.0319385	0.04593
0.0302018	0.0619439
0.028875	0.0791949
0.0271234	0.103119
0.0254123	0.125141
0.0240602	0.14008
0.0231	0.150273
0.0209392	0.169624
0.0203912	0.173994
0.0180481	0.190338
0.0176999	0.192509
0.0152139	0.205825
0.0150313	0.206643
0.0124237	0.216238
0.0123554	0.216441
0.00966071	0.223345
0.0096491	0.223374
0.00692181	0.230585
0.00690236	0.230633
0.00418173	0.235916
0.00414132	0.235973
0.00143423	0.238452
0.00137489	0.238481
7.51322e-11	0.238533
)

((xy/key/label "radial4")
0.1225	0.000461784
0.116357	0.00122262
0.110529	0.00563357
0.105	0.0208979
0.100134	0.0469282
0.0955213	0.0847127
0.0910459	0.130921
0.0870624	0.170812
0.0838325	0.197949
0.0812173	0.214735
0.0790543	0.224757
0.0772362	0.230815
0.0757083	0.234381
0.0744563	0.236415
0.0735	0.237595
0.0720703	0.238877
0.0715106	0.239267
0.0702194	0.240027
0.0690927	0.24051
0.0679395	0.240899
0.0665	0.241291
0.0656194	0.241487
0.0645327	0.241694
0.063245	0.241894
0.0617363	0.242076
0.0598516	0.242194
0.0598454	0.242194
0.0585559	0.242197
0.0574323	0.242106
0.0562531	0.241906
0.0549676	0.241614
0.0535792	0.24117
0.0520485	0.240381
0.0503005	0.239194
0.0480576	0.237086
0.046048	0.234723
0.0443259	0.232267
0.0426491	0.229494
0.041125	0.227017
0.0398023	0.224702
0.0380645	0.221757
0.0377403	0.22123
0.0350023	0.217022
0.0322639	0.214201
0.0319384	0.213966
0.0302017	0.213045
0.028875	0.21296
0.0271234	0.213288
0.0254123	0.213968
0.0240602	0.214715
0.0231	0.215303
0.0209392	0.216744
0.0203912	0.217123
0.0180481	0.218938
0.0176998	0.219329
0.0152139	0.223504
0.0150313	0.223869
0.0124237	0.228919
0.0123554	0.229037
0.0096607	0.233172
0.00964909	0.233188
0.0069218	0.236301
0.00690235	0.23632
0.00418173	0.23839
0.00414132	0.238413
0.00143423	0.239456
0.00137489	0.239468
3.37461e-11	0.239483
)

((xy/key/label "radial5")
0.1225	0.00111532
0.116357	0.00230128
0.110529	0.00753249
0.105	0.0229926
0.100134	0.0472608
0.0955213	0.0790833
0.091046	0.116788
0.0870624	0.151289
0.0838325	0.176947
0.0812173	0.194589
0.0790543	0.206536
0.0772362	0.214895
0.0757083	0.220996
0.0744563	0.225166
0.0735	0.22787
0.0720703	0.231513
0.0715106	0.232804
0.0702194	0.235458
0.0690927	0.237257
0.0679395	0.238735
0.0665	0.240286
0.0656194	0.241097
0.0645327	0.241973
0.063245	0.242857
0.0617363	0.243708
0.0598516	0.24454
0.0598454	0.244543
0.0585559	0.245001
0.0574323	0.245313
0.0562531	0.245554
0.0549676	0.245711
0.0535792	0.245808
0.0520485	0.245867
0.0503005	0.245887
0.0480576	0.245848
0.046048	0.245772
0.0443259	0.245677
0.0426492	0.245568
0.041125	0.245459
0.0398023	0.245355
0.0380646	0.245023
0.0377403	0.244945
0.0350023	0.244191
0.0322639	0.243545
0.0319383	0.24348
0.0302017	0.243163
0.028875	0.24299
0.0271234	0.242914
0.0254123	0.243058
0.0240602	0.24336
0.0230999	0.243628
0.0209391	0.244503
0.0203912	0.244773
0.0180481	0.246104
0.0176998	0.24631
0.0152139	0.247676
0.0150312	0.247768
0.0124237	0.249096
0.0123554	0.249131
0.00966069	0.250338
0.00964909	0.250341
0.0069218	0.250593
0.00690234	0.250593
0.00418173	0.250532
0.00414131	0.250531
0.00143423	0.250472
0.00137489	0.250471
5.95845e-11	0.250468
)
