(title "Mass fraction of o2")
(labels "Position" "Mass fraction of o2")

((xy/key/label "radial1")
0.1225	0.232998
0.116357	0.23299
0.110529	0.232799
0.105	0.202682
0.100134	0.0947573
0.0955213	0.00846261
0.0910459	0.000220133
0.0870624	0.000493112
0.0838325	0.00120023
0.0812173	0.00181642
0.0790543	0.00205687
0.0772362	0.00170935
0.0757083	0.00133958
0.0744563	0.00105071
0.0735	0.000590998
0.0720703	0.000141035
0.0715106	5.5387e-05
0.0702194	0.000482988
0.0690927	0.00141528
0.0679395	0.00218166
0.0665	0.00154568
0.0656194	0.000700892
0.0645328	0.000200212
0.063245	4.8898e-05
0.0617363	2.32947e-05
0.0598516	3.8195e-06
0.0598454	3.81202e-06
0.0585559	3.22509e-06
0.0574323	6.23723e-07
0.0562532	5.14886e-08
0.0549676	1.75608e-08
0.0535792	3.20047e-08
0.0520485	9.1747e-08
0.0503005	7.14316e-07
0.0480576	6.28613e-06
0.046048	4.47566e-05
0.0443259	0.000618441
0.0426491	0.00465329
0.041125	0.0620485
0.0398023	0.163995
0.0380644	0.222923
0.0377403	0.228673
0.0350023	0.232811
0.0322639	0.227797
0.0319385	0.221328
0.0302018	0.140137
0.028875	0.0459855
0.0271234	0.000812527
0.0254123	6.26133e-05
0.0240602	2.51145e-05
0.0231	3.43209e-07
0.0209392	1.08616e-08
0.0203912	4.12161e-09
0.0180482	6.44548e-10
0.0176999	6.27965e-10
0.0152139	1.04899e-09
0.0150313	1.18898e-09
0.0124237	6.42355e-09
0.0123554	6.83487e-09
0.00966072	5.53906e-08
0.00964911	5.59188e-08
0.00692181	2.76169e-07
0.00690237	2.78146e-07
0.00418173	5.43452e-07
0.00414132	5.47288e-07
0.00143422	9.89765e-07
0.00137489	1.00592e-06
-2.81008e-11	1.48406e-06
)

((xy/key/label "radial2")
0.1225	0.233
0.116357	0.232984
0.110529	0.232817
0.105	0.225001
0.100134	0.167539
0.0955213	0.0818561
0.0910459	0.0278477
0.0870624	0.00703401
0.0838325	0.00140991
0.0812173	0.000214877
0.0790543	3.04881e-05
0.0772362	6.61302e-06
0.0757083	1.34614e-06
0.0744563	1.00097e-06
0.0735	3.42098e-07
0.0720703	8.54075e-07
0.0715106	1.82161e-06
0.0702194	8.35786e-06
0.0690927	1.79554e-05
0.0679395	2.62084e-05
0.0665	5.6047e-05
0.0656194	7.07993e-05
0.0645327	0.000101702
0.063245	0.000124772
0.0617363	0.000184289
0.0598516	0.000185833
0.0598454	0.000185613
0.0585559	0.000173164
0.0574323	0.000109608
0.0562532	7.61637e-05
0.0549676	0.000110597
0.0535792	0.000132496
0.0520485	0.000108619
0.0503005	0.000109827
0.0480576	0.000448349
0.046048	0.0018961
0.0443259	0.00720239
0.0426491	0.0241101
0.041125	0.0645457
0.0398023	0.134667
0.0380644	0.210398
0.0377403	0.218972
0.0350023	0.231942
0.0322639	0.218068
0.0319385	0.209293
0.0302018	0.119192
0.028875	0.0458608
0.0271234	0.00923452
0.0254123	0.00216193
0.0240602	0.00091483
0.0231	0.00027228
0.0209392	2.79267e-05
0.0203912	1.25529e-05
0.0180482	2.46074e-06
0.0176999	1.9113e-06
0.0152139	4.43187e-07
0.0150313	4.37327e-07
0.0124237	7.95263e-07
0.0123554	8.09645e-07
0.00966072	1.81518e-06
0.0096491	1.82242e-06
0.00692181	4.36606e-06
0.00690237	4.39231e-06
0.00418173	9.22253e-06
0.00414132	9.30544e-06
0.00143422	1.54146e-05
0.00137489	1.55606e-05
-5.47162e-11	1.96496e-05
)

((xy/key/label "radial3")
0.1225	0.233
0.116357	0.233
0.110529	0.233
0.105	0.230497
0.100134	0.211348
0.0955213	0.16806
0.0910459	0.108595
0.0870624	0.0540865
0.0838325	0.0227204
0.0812173	0.00983616
0.0790543	0.00473294
0.0772362	0.00236244
0.0757083	0.00126787
0.0744563	0.000724002
0.0735	0.000528982
0.0720703	0.000381325
0.0715106	0.000344585
0.0702194	0.000287809
0.0690927	0.000269905
0.0679395	0.000273633
0.0665	0.000316345
0.0656194	0.000362789
0.0645327	0.000442346
0.063245	0.00057345
0.0617363	0.000939635
0.0598516	0.0018278
0.0598454	0.00183159
0.0585559	0.00275735
0.0574323	0.0038149
0.0562531	0.0050359
0.0549676	0.00674547
0.0535792	0.00963628
0.0520485	0.0140959
0.0503005	0.0206105
0.0480576	0.0314247
0.046048	0.0443816
0.0443259	0.0585681
0.0426491	0.0752145
0.041125	0.0931177
0.0398023	0.111375
0.0380645	0.139675
0.0377403	0.14494
0.0350023	0.185085
0.0322639	0.184101
0.0319385	0.181672
0.0302018	0.161096
0.028875	0.140834
0.0271234	0.113756
0.0254123	0.0901981
0.0240602	0.0751586
0.0231	0.0651217
0.0209392	0.046703
0.0203912	0.0426725
0.0180481	0.0286528
0.0176999	0.0269821
0.0152139	0.0177379
0.0150313	0.0172103
0.0124237	0.0110289
0.0123554	0.0108951
0.00966071	0.00673939
0.0096491	0.00672683
0.00692181	0.00464033
0.00690236	0.00462985
0.00418173	0.00360271
0.00414132	0.00359221
0.00143423	0.00316203
0.00137489	0.00315762
7.51322e-11	0.00317974
)

((xy/key/label "radial4")
0.1225	0.233
0.116357	0.233
0.110529	0.233
0.105	0.22766
0.100134	0.212679
0.0955213	0.185549
0.0910459	0.14775
0.0870624	0.110333
0.0838325	0.0811728
0.0812173	0.0601916
0.0790543	0.0454192
0.0772362	0.0349757
0.0757083	0.0274216
0.0744563	0.0220664
0.0735	0.0185989
0.0720703	0.0142892
0.0715106	0.012884
0.0702194	0.0101498
0.0690927	0.00838275
0.0679395	0.00696319
0.0665	0.0055763
0.0656194	0.00491512
0.0645327	0.00428661
0.063245	0.00379338
0.0617363	0.00347577
0.0598516	0.00338108
0.0598454	0.00338117
0.0585559	0.00348297
0.0574323	0.00372529
0.0562531	0.00413809
0.0549676	0.00476596
0.0535792	0.00562976
0.0520485	0.0068043
0.0503005	0.0084115
0.0480576	0.0112716
0.046048	0.0145502
0.0443259	0.0175964
0.0426491	0.0210195
0.041125	0.0244469
0.0398023	0.0271788
0.0380645	0.0304152
0.0377403	0.0309914
0.0350023	0.035157
0.0322639	0.037275
0.0319384	0.0373944
0.0302017	0.0376666
0.028875	0.0372392
0.0271234	0.036085
0.0254123	0.0343422
0.0240602	0.0318465
0.0231	0.0296335
0.0209392	0.0233198
0.0203912	0.0217465
0.0180481	0.0156271
0.0176998	0.0148121
0.0152139	0.00967392
0.0150313	0.00934421
0.0124237	0.0052951
0.0123554	0.00520661
0.0096607	0.00230078
0.00964909	0.00229121
0.0069218	0.000817486
0.00690235	0.000811871
0.00418173	0.0006323
0.00414132	0.000631697
0.00143423	0.000635372
0.00137489	0.000635676
3.37461e-11	0.000646168
)

((xy/key/label "radial5")
0.1225	0.233
0.116357	0.233
0.110529	0.233
0.105	0.227154
0.100134	0.210856
0.0955213	0.187706
0.091046	0.160971
0.0870624	0.13354
0.0838325	0.110345
0.0812173	0.0921016
0.0790543	0.077532
0.0772362	0.0660253
0.0757083	0.0571171
0.0744563	0.0504139
0.0735	0.0457205
0.0720703	0.0394926
0.0715106	0.0372848
0.0702194	0.0325007
0.0690927	0.0288782
0.0679395	0.0251464
0.0665	0.0199402
0.0656194	0.0169432
0.0645327	0.0138473
0.063245	0.0108591
0.0617363	0.00806172
0.0598516	0.00537114
0.0598454	0.00536318
0.0585559	0.00394091
0.0574323	0.00298746
0.0562531	0.00218676
0.0549676	0.00147359
0.0535792	0.000878437
0.0520485	0.000558377
0.0503005	0.000500842
0.0480576	0.000465534
0.046048	0.000405659
0.0443259	0.000332446
0.0426492	0.00024631
0.041125	0.000160528
0.0398023	0.00010547
0.0380646	0.00010427
0.0377403	0.000106345
0.0350023	0.000137939
0.0322639	0.000170944
0.0319383	0.000174851
0.0302017	0.00019555
0.028875	0.000210699
0.0271234	0.000260026
0.0254123	0.000328504
0.0240602	0.000381089
0.0230999	0.000417082
0.0209391	0.000493924
0.0203912	0.000512164
0.0180481	0.000584885
0.0176998	0.000594823
0.0152139	0.000659908
0.0150312	0.000664244
0.0124237	0.000734887
0.0123554	0.00073713
0.00966069	0.000852133
0.00964909	0.000852598
0.0069218	0.000943533
0.00690234	0.000944037
0.00418173	0.000993591
0.00414131	0.000994012
0.00143423	0.00100233
0.00137489	0.00100207
5.95845e-11	0.000986502
)
