(title "Turbulent Kinetic Energy (k)")
(labels "Position" "Turbulent Kinetic Energy (k)")

((xy/key/label "radial1")
0.1225	1.90416
0.116357	1.13312
0.110529	0.935632
0.105	2.45695
0.100134	4.36818
0.0955213	5.43861
0.0910459	6.1275
0.0870624	7.89817
0.0838325	11.0395
0.0812173	17.2633
0.0790543	29.3249
0.0772362	49.1392
0.0757083	72.8397
0.0744563	88.6585
0.0735	85.0649
0.0720703	53.4298
0.0715106	46.819
0.0702194	50.6035
0.0690927	81.6443
0.0679395	104.371
0.0665	98.3602
0.0656194	81.9768
0.0645328	61.0785
0.063245	42.9875
0.0617363	30.8168
0.0598516	23.3648
0.0598454	23.3489
0.0585559	20.5747
0.0574323	19.1064
0.0562532	18.0721
0.0549676	17.3682
0.0535792	16.9055
0.0520485	16.5478
0.0503005	16.147
0.0480576	15.6429
0.046048	15.174
0.0443259	16.6542
0.0426491	18.3087
0.041125	12.7701
0.0398023	3.47135
0.0380644	1.24344
0.0377403	1.04161
0.0350023	0.918547
0.0322639	1.03967
0.0319385	1.26608
0.0302018	3.98566
0.028875	13.7935
0.0271234	18.7673
0.0254123	15.5781
0.0240602	13.8165
0.0231	12.7735
0.0209392	11.7541
0.0203912	11.5168
0.0180482	10.8025
0.0176999	10.6651
0.0152139	9.83477
0.0150313	9.77616
0.0124237	9.14913
0.0123554	9.13561
0.00966072	8.74506
0.00964911	8.74364
0.00692181	8.48081
0.00690237	8.47923
0.00418173	8.29194
0.00414132	8.28973
0.00143422	8.18103
0.00137489	8.17962
-2.81008e-11	8.17212
)

((xy/key/label "radial2")
0.1225	1.84364
0.116357	1.11278
0.110529	0.736314
0.105	2.25343
0.100134	4.78524
0.0955213	6.59207
0.0910459	8.38329
0.0870624	13.0958
0.0838325	21.124
0.0812173	31.8094
0.0790543	43.0225
0.0772362	52.1425
0.0757083	57.8772
0.0744563	60.9153
0.0735	62.6435
0.0720703	65.3481
0.0715106	66.3316
0.0702194	65.709
0.0690927	61.7266
0.0679395	54.9843
0.0665	45.0485
0.0656194	39.1137
0.0645327	32.8316
0.063245	27.3088
0.0617363	23.3777
0.0598516	21.1537
0.0598454	21.1491
0.0585559	20.6536
0.0574323	20.8198
0.0562532	21.3233
0.0549676	22.1158
0.0535792	23.11
0.0520485	24.1988
0.0503005	25.1919
0.0480576	25.4387
0.046048	23.8017
0.0443259	21.731
0.0426491	19.0508
0.041125	13.1463
0.0398023	5.28908
0.0380644	1.32962
0.0377403	0.937737
0.0350023	0.58219
0.0322639	0.849036
0.0319385	1.16933
0.0302018	5.08283
0.028875	11.6226
0.0271234	16.8109
0.0254123	19.2696
0.0240602	21.1081
0.0231	22.2545
0.0209392	23.8318
0.0203912	23.898
0.0180482	23.3749
0.0176999	23.1515
0.0152139	21.3147
0.0150313	21.1543
0.0124237	18.9506
0.0123554	18.8931
0.00966072	16.8068
0.0096491	16.7985
0.00692181	15.0604
0.00690237	15.0496
0.00418173	13.8022
0.00414132	13.7878
0.00143422	13.1269
0.00137489	13.119
-5.47162e-11	13.1076
)

((xy/key/label "radial3")
0.1225	1.53729
0.116357	1.01612
0.110529	0.553152
0.105	1.13582
0.100134	2.3604
0.0955213	4.10249
0.0910459	6.34597
0.0870624	8.508
0.0838325	9.83836
0.0812173	10.3815
0.0790543	10.61
0.0772362	10.8433
0.0757083	11.1846
0.0744563	11.6252
0.0735	12.0917
0.0720703	13.0588
0.0715106	13.5174
0.0702194	14.7996
0.0690927	16.206
0.0679395	17.9273
0.0665	20.4522
0.0656194	22.1979
0.0645327	24.5335
0.063245	27.5351
0.0617363	31.2805
0.0598516	36.1656
0.0598454	36.1824
0.0585559	39.5387
0.0574323	42.3882
0.0562531	45.2847
0.0549676	48.1985
0.0535792	50.9211
0.0520485	53.2118
0.0503005	54.6195
0.0480576	53.8492
0.046048	50.7509
0.0443259	45.9687
0.0426491	39.7078
0.041125	33.1842
0.0398023	27.2171
0.0380645	20.0186
0.0377403	18.8166
0.0350023	10.5769
0.0322639	11.654
0.0319385	12.2951
0.0302018	17.3853
0.028875	22.3091
0.0271234	28.3593
0.0254123	33.3711
0.0240602	36.1952
0.0231	37.8465
0.0209392	39.6765
0.0203912	39.7918
0.0180481	39.0071
0.0176999	38.7369
0.0152139	36.0538
0.0150313	35.82
0.0124237	32.2655
0.0123554	32.1728
0.00966071	28.6979
0.0096491	28.6845
0.00692181	25.9238
0.00690236	25.9078
0.00418173	24.1023
0.00414132	24.0831
0.00143423	23.209
0.00137489	23.1995
7.51322e-11	23.1905
)

((xy/key/label "radial4")
0.1225	1.25908
0.116357	0.894918
0.110529	0.518579
0.105	0.794836
0.100134	1.57212
0.0955213	2.87772
0.0910459	4.57014
0.0870624	5.98962
0.0838325	6.82282
0.0812173	7.39335
0.0790543	7.96979
0.0772362	8.61159
0.0757083	9.29811
0.0744563	9.96796
0.0735	10.5415
0.0720703	11.5148
0.0715106	11.9271
0.0702194	12.9559
0.0690927	13.9411
0.0679395	15.025
0.0665	16.4737
0.0656194	17.404
0.0645327	18.5877
0.063245	20.0369
0.0617363	21.7685
0.0598516	23.9491
0.0598454	23.9565
0.0585559	25.4242
0.0574323	26.6617
0.0562531	27.9319
0.0549676	29.2493
0.0535792	30.5664
0.0520485	31.8578
0.0503005	33.0815
0.0480576	34.1983
0.046048	34.805
0.0443259	34.9556
0.0426491	34.8105
0.041125	34.4515
0.0398023	33.9813
0.0380645	33.1798
0.0377403	33.0194
0.0350023	31.5282
0.0322639	30.0707
0.0319384	29.9116
0.0302017	29.1125
0.028875	28.6031
0.0271234	28.033
0.0254123	27.5409
0.0240602	27.1677
0.0231	26.9008
0.0209392	26.2731
0.0203912	26.1024
0.0180481	25.3175
0.0176998	25.1933
0.0152139	24.2708
0.0150313	24.2021
0.0124237	23.2309
0.0123554	23.2066
0.0096607	22.3081
0.00964909	22.3046
0.0069218	21.587
0.00690235	21.5828
0.00418173	21.1017
0.00414132	21.0964
0.00143423	20.8606
0.00137489	20.858
3.37461e-11	20.8592
)

((xy/key/label "radial5")
0.1225	1.07753
0.116357	0.80046
0.110529	0.500308
0.105	0.74752
0.100134	1.50424
0.0955213	2.63013
0.091046	3.71188
0.0870624	4.41558
0.0838325	4.88736
0.0812173	5.29748
0.0790543	5.68558
0.0772362	6.05651
0.0757083	6.40261
0.0744563	6.7099
0.0735	6.95847
0.0720703	7.35251
0.0715106	7.51255
0.0702194	7.89605
0.0690927	8.24465
0.0679395	8.61276
0.0665	9.08504
0.0656194	9.37936
0.0645327	9.74695
0.063245	10.1885
0.0617363	10.7068
0.0598516	11.3407
0.0598454	11.3428
0.0585559	11.7654
0.0574323	12.129
0.0562531	12.5035
0.0549676	12.8955
0.0535792	13.2967
0.0520485	13.7088
0.0503005	14.1341
0.0480576	14.6032
0.046048	14.9562
0.0443259	15.1934
0.0426492	15.3743
0.041125	15.494
0.0398023	15.5632
0.0380646	15.604
0.0377403	15.6075
0.0350023	15.571
0.0322639	15.436
0.0319383	15.4145
0.0302017	15.2852
0.028875	15.1701
0.0271234	15.0046
0.0254123	14.8299
0.0240602	14.6847
0.0230999	14.5816
0.0209391	14.349
0.0203912	14.291
0.0180481	14.0498
0.0176998	14.0154
0.0152139	13.7821
0.0150312	13.7661
0.0124237	13.5531
0.0123554	13.548
0.00966069	13.3664
0.00964909	13.3657
0.0069218	13.225
0.00690234	13.2242
0.00418173	13.1296
0.00414131	13.1285
0.00143423	13.0813
0.00137489	13.0808
5.95845e-11	13.0809
)
