(title "Static Temperature")
(labels "Position" "Static Temperature")

((xy/key/label "radial1")
0.1225	1236.38
0.116357	352.588
0.110529	341.854
0.105	802.378
0.100134	1510.05
0.0955213	1754.47
0.0910459	1662.23
0.0870624	1600.22
0.0838325	1509.36
0.0812173	1363.21
0.0790543	1173.09
0.0772362	969.957
0.0757083	785.614
0.0744563	639.53
0.0735	535.489
0.0720703	404.507
0.0715106	368.651
0.0702194	346.048
0.0690927	401.308
0.0679395	498.821
0.0665	626.279
0.0656194	709.736
0.0645328	827.012
0.063245	980.724
0.0617363	1154.08
0.0598516	1303.14
0.0598454	1303.41
0.0585559	1364.48
0.0574323	1397.79
0.0562532	1423.71
0.0549676	1446.59
0.0535792	1469.29
0.0520485	1497.8
0.0503005	1539.21
0.0480576	1616.05
0.046048	1702.64
0.0443259	1774.68
0.0426491	1816.69
0.041125	1599.01
0.0398023	1001.34
0.0380644	417.229
0.0377403	356.986
0.0350023	302.718
0.0322639	365.098
0.0319385	429.54
0.0302018	1163.76
0.028875	1618.45
0.0271234	1690.33
0.0254123	1677.13
0.0240602	1667.82
0.0231	1653.95
0.0209392	1620.84
0.0203912	1612.53
0.0180482	1595.02
0.0176999	1595.41
0.0152139	1620.21
0.0150313	1623.41
0.0124237	1681.32
0.0123554	1682.82
0.00966072	1736.22
0.00964911	1736.41
0.00692181	1777.38
0.00690237	1777.64
0.00418173	1809.33
0.00414132	1809.73
0.00143422	1832.46
0.00137489	1832.88
-2.81008e-11	1840.41
)

((xy/key/label "radial2")
0.1225	1241.03
0.116357	372.771
0.110529	349.882
0.105	577.918
0.100134	1128.52
0.0955213	1585.28
0.0910459	1626.73
0.0870624	1445.74
0.0838325	1196.37
0.0812173	968.911
0.0790543	799.87
0.0772362	680.718
0.0757083	599.99
0.0744563	548.764
0.0735	521.009
0.0720703	510.232
0.0715106	517.399
0.0702194	546.757
0.0690927	593.241
0.0679395	655.896
0.0665	752.815
0.0656194	822.642
0.0645327	918.203
0.063245	1039.46
0.0617363	1176.73
0.0598516	1320.51
0.0598454	1320.9
0.0585559	1402.28
0.0574323	1453.96
0.0562532	1496.99
0.0549676	1541.26
0.0535792	1589.7
0.0520485	1642.3
0.0503005	1705.12
0.0480576	1798.7
0.046048	1885.36
0.0443259	1934.99
0.0426491	1899.65
0.041125	1701.55
0.0398023	1222.2
0.0380644	547.125
0.0377403	465.415
0.0350023	313.637
0.0322639	468.588
0.0319385	550.268
0.0302018	1304.42
0.028875	1746.35
0.0271234	1899.74
0.0254123	1911.69
0.0240602	1899.91
0.0231	1887.53
0.0209392	1859.14
0.0203912	1853.23
0.0180482	1843.65
0.0176999	1844.59
0.0152139	1865.01
0.0150313	1867.19
0.0124237	1903.12
0.0123554	1904.09
0.00966072	1941.57
0.0096491	1941.72
0.00692181	1975.69
0.00690237	1975.91
0.00418173	2004.12
0.00414132	2004.49
0.00143422	2026.2
0.00137489	2026.61
-5.47162e-11	2034.42
)

((xy/key/label "radial3")
0.1225	1257.3
0.116357	461.562
0.110529	375.342
0.105	476.756
0.100134	737.391
0.0955213	1132.24
0.0910459	1495.4
0.0870624	1651.77
0.0838325	1629.94
0.0812173	1555.05
0.0790543	1490.29
0.0772362	1446.6
0.0757083	1418.66
0.0744563	1400.68
0.0735	1389.82
0.0720703	1379.79
0.0715106	1377.81
0.0702194	1376.05
0.0690927	1379.05
0.0679395	1386.05
0.0665	1400.09
0.0656194	1411.43
0.0645327	1428.28
0.063245	1452.21
0.0617363	1486.38
0.0598516	1537.77
0.0598454	1537.95
0.0585559	1576.73
0.0574323	1612.18
0.0562531	1650.11
0.0549676	1691.61
0.0535792	1735.15
0.0520485	1778.63
0.0503005	1819.11
0.0480576	1848.3
0.046048	1842.04
0.0443259	1799.9
0.0426491	1719.73
0.041125	1606.73
0.0398023	1469.16
0.0380645	1228.21
0.0377403	1182.43
0.0350023	818.732
0.0322639	842.069
0.0319385	865.523
0.0302018	1049.17
0.028875	1238.02
0.0271234	1495.08
0.0254123	1703.76
0.0240602	1825.08
0.0231	1903.13
0.0209392	2032.57
0.0203912	2058.77
0.0180481	2143.39
0.0176999	2152.71
0.0152139	2199.89
0.0150313	2202.31
0.0124237	2228.91
0.0123554	2229.48
0.00966071	2247.37
0.0096491	2247.42
0.00692181	2255.28
0.00690236	2255.32
0.00418173	2259.67
0.00414132	2259.73
0.00143423	2263.07
0.00137489	2263.14
7.51322e-11	2264.5
)

((xy/key/label "radial4")
0.1225	1265.77
0.116357	534.44
0.110529	411.579
0.105	508.071
0.100134	714.288
0.0955213	1007.07
0.0910459	1366.83
0.0870624	1663.35
0.0838325	1855.27
0.0812173	1970.42
0.0790543	2037.95
0.0772362	2076.96
0.0757083	2099.78
0.0744563	2112.51
0.0735	2118.42
0.0720703	2123.05
0.0715106	2123.73
0.0702194	2122.95
0.0690927	2120.42
0.0679395	2117.25
0.0665	2113.37
0.0656194	2111.18
0.0645327	2108.82
0.063245	2106.76
0.0617363	2105.62
0.0598516	2106.36
0.0598454	2106.36
0.0585559	2108.1
0.0574323	2110.71
0.0562531	2114.04
0.0549676	2118.19
0.0535792	2123.18
0.0520485	2129.07
0.0503005	2136
0.0480576	2141.94
0.046048	2143.76
0.0443259	2143.29
0.0426491	2138.99
0.041125	2132.85
0.0398023	2128.16
0.0380645	2121.49
0.0377403	2120.26
0.0350023	2112.1
0.0322639	2113.73
0.0319384	2114.58
0.0302017	2120.87
0.028875	2128.75
0.0271234	2141.81
0.0254123	2157.34
0.0240602	2175.83
0.0231	2191.88
0.0209392	2237.87
0.0203912	2249.55
0.0180481	2295.4
0.0176998	2301.43
0.0152139	2338.72
0.0150313	2341.06
0.0124237	2369.34
0.0123554	2369.95
0.0096607	2389.64
0.00964909	2389.71
0.0069218	2399.64
0.00690235	2399.68
0.00418173	2400.57
0.00414132	2400.57
0.00143423	2400.5
0.00137489	2400.51
3.37461e-11	2400.92
)

((xy/key/label "radial5")
0.1225	1270.05
0.116357	584.609
0.110529	450.245
0.105	518.095
0.100134	737.675
0.0955213	1007.32
0.091046	1272.34
0.0870624	1510.77
0.0838325	1695.11
0.0812173	1829.66
0.0790543	1928.65
0.0772362	2001.39
0.0757083	2054.24
0.0744563	2091.81
0.0735	2116.85
0.0720703	2148.62
0.0715106	2159.5
0.0702194	2182.22
0.0690927	2199.09
0.0679395	2216.87
0.0665	2241.73
0.0656194	2255.46
0.0645327	2268.65
0.063245	2280.33
0.0617363	2290.19
0.0598516	2298.63
0.0598454	2298.65
0.0585559	2302.54
0.0574323	2304.9
0.0562531	2306.76
0.0549676	2308.42
0.0535792	2309.72
0.0520485	2310.03
0.0503005	2309.75
0.0480576	2310.82
0.046048	2313.14
0.0443259	2316.22
0.0426492	2320.01
0.041125	2324.09
0.0398023	2327.98
0.0380646	2333.26
0.0377403	2334.26
0.0350023	2343.22
0.0322639	2352.65
0.0319383	2353.77
0.0302017	2359.7
0.028875	2364.11
0.0271234	2369.57
0.0254123	2374.51
0.0240602	2378.2
0.0230999	2380.72
0.0209391	2386.05
0.0203912	2387.32
0.0180481	2392.42
0.0176998	2393.12
0.0152139	2397.75
0.0150312	2398.06
0.0124237	2401.93
0.0123554	2402.02
0.00966069	2404.6
0.00964909	2404.61
0.0069218	2406.27
0.00690234	2406.28
0.00418173	2407.26
0.00414131	2407.27
0.00143423	2407.6
0.00137489	2407.6
5.95845e-11	2407.45
)
